0.699871362422111 1.94602103689881
0.86504989169647 1.97058562163192
1.8803176915856 2.21345549364216
1.55473384756594 2.10514498671775
2.02078522206105 2.30087747618603
1.33264274122298 2.05410147236909
1.86601082493048 2.20693670797561
2.17521258123001 2.56065244968845
0.62665706865775 1.93574968530356
2.43122809087776 51.1299327575492
1.88741053752556 2.21679601610616
2.44530909434646 102.134283526836
2.50261198608211 1014906.71715646
2.30425794658639 3.88966734963382
1.43732249710568 2.07686573363095
2.0636493562298 2.34332918608214
1.04413137170863 1.99975842918269
2.49489636774309 28113.1306424614
2.42621129032101 41.3614076425602
1.75355939707127 2.16335119843622
1.84424758800981 2.19752776160462
1.45583008930093 2.08111046744111
2.41838315254789 30.6042877194544
1.01134123024512 1.99419382310352
1.76133890007067 2.16602703335319
1.58085937639367 2.111930062359
2.4655461061224 398.984264372534
2.48832820033655 6261.53223145305
1.91537800536808 2.23076444851264
1.19234543245554 2.02635381461321
0.687769959107381 1.94429873527763
1.85879680421532 2.20375345273928
2.40452842442471 19.3629614769087
1.71405600819826 2.15034285384016
2.19558642982691 2.63724164947789
2.34267117464173 5.59846513636031
1.78443505951849 2.1742215197703
0.723952994276375 1.94947829532749
2.22014492975908 2.76198531758668
1.6653190190235 2.13543586791273
