5.93542
3.77065
3.0373
2.75255
2.6296
2.57173
2.54243
2.52661
2.51753
2.51198
2.50837
2.50585
2.50395
2.50243
2.50112
2.49993
2.49881
2.49773
2.49665
2.49557
2.49446
2.49334
2.49219
2.491
2.48979
2.48853
2.48724
2.48591
2.48455
2.48314
2.4817
2.48022
2.47869
2.47713
2.47553
2.47389
2.4722
2.47048
2.46872
2.46691
2.46507
2.46319
2.46126
2.4593
2.45729
2.45525
2.45316
2.45103
2.44887
2.44666
2.44441
2.44213
2.43977
2.43741
2.435
2.43256
2.43007
2.42754
2.42497
2.42236
2.41993
2.41716
2.41435
2.41168
2.40875
2.40579
2.71769
2.67906
2.64408
2.61328
2.58429
2.55786
2.53427
2.51205
2.49164
2.47327
2.45584
2.4397
2.42502
2.41101
2.39792
2.38585
2.3743
2.36353
2.35323
2.34347
2.45384
2.43299
2.41355
2.39728
2.37996
2.36372
2.34958
2.33495
2.32115
2.91778
2.87694
2.83891
2.78897
2.75542
2.72405
2.68073
2.65284
2.62667
2.58318
2.55975
2.51839
2.49736
2.47751
2.44153
2.42362
2.40666
2.37256
2.35714
2.34248
2.32999
2.31659
2.30381
2.29266
2.28089
2.26962
2.25992
2.24946
2.2394
2.25614
2.24608
2.23639
2.26036
2.25089
2.24177
2.26291
2.25407
2.27748
2.26896
2.26072
2.283
2.27509
2.26744
2.29181
2.28447
2.27736
2.29761
2.29083
2.28425
2.27719
2.27099
2.26496
2.25857
2.25286
2.2473
2.24992
2.24465
2.2395
2.24002
2.23515
2.23713
2.23251
2.228
2.22889
2.22462
2.22043
2.22087
2.21691
2.21303
2.21454
2.21087
2.20727
2.20883
2.20542
2.20208
2.19895
2.19573
2.19255
2.18927
2.18619
2.18317
2.18025
2.17731
2.17448
2.17162
2.1688
2.16609
2.16334
2.16062
2.15795
2.1553
2.15267
2.15009
2.14752
2.14497
2.14253
2.14003
2.13756
2.13532
2.13289
2.13049
2.12821
2.12584
2.1235
2.12127
2.11896
2.11667
2.11445
2.11219
2.11011
2.10788
2.10567
2.10353
2.10135
2.09918
2.09701
2.09487
2.09274
2.09057
2.08846
2.08637
2.08424
2.08217
2.08011
2.07803
2.07599
2.07396
2.07192
2.06991
2.06791
2.06592
2.06394
2.06196
2.06
2.05804
2.05611
2.05417
2.05225
2.05034
2.04842
2.04652
2.04479
2.0429
2.04102
2.0392
2.03733
2.03547
2.03367
2.03183
2.02999
2.0282
2.02637
2.02455
2.02281
2.02101
2.01921
2.01821
2.01642
2.01478
2.013
2.01123
2.00965
2.00789
2.00614
2.00453
2.00279
2.00105
1.99942
1.99769
1.99597
1.99426
1.99255
1.99085
1.98914
1.98744
1.98576
1.98408
1.98241
1.98074
1.97907
1.97741
1.97573
1.97408
1.97244
1.97079
1.96916
1.96753
1.96586
1.96425
1.96264
1.96102
1.95941
1.95782
1.95622
1.95464
1.95306
1.9515
1.94993
1.94837
1.94685
1.94529
1.94374
1.9422
1.94065
1.93912
