0.490167224080268
0.467224080267559
0.288595317725753
0.355785953177258
0.254180602006689
0.395117056856187
0.291872909698997
0.209933110367893
0.5
0.100133779264214
0.28695652173913
0.0903010033444816
0.0231103678929766
0.164046822742475
0.377090301003344
0.242709030100334
0.441003344481605
0.0394983277591973
0.103411371237458
0.316454849498328
0.296789297658863
0.3738127090301
0.108327759197324
0.445919732441472
0.314816053511706
0.350869565217391
0.0739130434782609
0.0493311036789298
0.280401337792642
0.418060200668896
0.49180602006689
0.293511705685619
0.116521739130435
0.324648829431438
0.203377926421405
0.147658862876254
0.309899665551839
0.486889632107023
0.195183946488294
0.334481605351171
