1.94759854566639
1.96735720460695
2.23034484343817
2.15580810786525
2.19406273074829
2.01196050193226
2.24464472784816
2.27480432548066
1.93822939452596
2.40720220410385
2.22444351018137
2.43563728598749
2.51757358164375
2.34724424187866
2.05136786903537
2.30425230179812
2.04039870800868
2.50076330940549
2.40046348973776
2.12413147132128
2.16567833943063
2.04147310409437
2.4280210817237
2.01106411843929
2.14266745905843
2.14814216681673
2.45343400235892
2.49863452823755
2.18526353524366
1.99693590063205
1.97934543548529
2.13793858322906
2.41677858877137
2.12039968143279
2.29221711282535
2.37702761632917
2.18379308187723
1.91740898198809
2.33316087353723
2.13220905371609
