2.55956
2.51157
2.4951
2.48849
2.4854
2.48371
2.48261
2.48177
2.48103
2.48034
2.47965
2.47894
2.47821
2.47745
2.47666
2.47582
2.47495
2.47404
2.47305
2.47207
2.47106
2.47
2.4689
2.46776
2.46659
2.46537
2.4641
2.4628
2.46146
2.46007
2.45866
2.45719
2.45568
2.45468
2.453
2.4513
2.45001
2.44819
2.44635
2.44562
2.44356
2.44149
2.43963
2.43751
2.43537
2.43352
2.43131
2.42907
2.42852
2.42596
2.42341
2.42189
2.41917
2.41646
2.41455
2.41172
2.4089
2.4114
2.40788
2.40443
2.40376
2.39996
2.39625
2.41538
2.40923
2.40341
2.4132
2.40609
2.39938
2.40218
2.39492
2.38804
2.40469
2.39599
2.38779
2.39811
2.38886
2.40302
2.39262
2.38283
2.39099
2.38056
2.3707
2.3759
2.36572
2.35606
2.37142
2.36102
2.35115
2.36011
2.34999
2.34035
2.34607
2.33633
2.32701
2.34613
2.33644
2.32716
2.34431
2.33479
2.32564
2.34732
2.33799
2.329
2.34903
2.33995
2.33116
2.35043
2.34161
2.33305
2.34991
2.34138
2.33308
2.34954
2.34129
2.33324
2.34055
2.33263
2.32489
2.33107
2.32344
2.31596
2.32217
2.31479
2.30752
2.31491
2.30773
2.30064
2.30719
2.30017
2.29324
2.29974
2.29286
2.28604
2.28665
2.2799
2.2732
2.27333
2.26668
2.26007
2.26352
2.25695
2.2504
2.25527
2.24874
2.24223
2.24473
2.23824
2.23177
2.23304
2.22658
2.22666
2.22021
2.21377
2.21758
2.21113
2.20469
2.20949
2.20304
2.19658
2.20251
2.19604
2.18957
2.20248
2.19597
2.18945
2.20129
2.19474
2.18818
2.19637
2.18978
2.18318
2.19003
2.1834
2.17676
2.18482
2.17815
2.17146
2.17538
2.16867
2.16194
2.16621
2.15946
2.15269
2.15616
2.14937
2.14255
2.14806
2.14121
2.13435
2.13971
2.13282
2.1259
2.13446
2.1275
2.12052
2.13132
2.1243
2.11726
2.1259
2.11882
2.11172
2.11811
2.11097
2.10381
2.10943
2.10224
2.09502
2.10022
2.09297
2.0857
2.09097
2.08367
2.07634
2.08201
2.07465
2.06726
2.07649
2.06906
2.06161
2.07265
2.06516
2.05764
2.06783
2.06027
2.0705
2.0629
2.05528
2.06516
2.05749
2.0498
2.06024
2.05251
2.04475
2.05341
2.04561
2.03778
2.04794
2.04008
2.03218
2.04186
2.03392
2.02596
2.03457
2.02657
2.01855
2.02341
2.01535
2.00727
2.01397
2.00584
1.9977
2.00324
1.99506
1.98685
2.00199
1.99373
1.98545
2.00065
1.99232
1.98396
1.99815
1.98973
1.9813
1.99247
1.98398
1.97547
1.98601
1.97745
1.96886
1.9806
1.97196
1.9633
1.97419
1.96548
1.95674
1.96861
1.95981
1.951
1.9576
1.94875
1.93987
1.94514
1.93622
1.92727
1.93246
1.92347
1.91446
1.91777
1.90872
1.89964
1.90257
1.89346
1.88432
1.88028
1.87111
1.86192
1.85797
1.84875
1.8395
