0.179465
0.150931
0.127394
0.113491
0.127967
0.148581
0.209752
0.1871
0.149991
0.170733
0.164162
0.139453
0.11077
0.111571
0.149866
0.141598
0.136771
0.160236
0.179575
0.149337
0.120608
0.109383
0.111386
0.126939
0.146449
0.129446
0.110993
0.165475
0.136841
0.114413
0.145666
0.111896
0.143847
0.173827
0.175483
0.160518
0.152543
0.135735
0.117785
0.143703
0.101491
0.144497
0.161044
0.142698
0.149576
0.169666
0.188037
0.134434
0.112908
0.130053
0.127134
0.139404
0.180133
0.135814
0.110255
0.132603
0.143135
0.149722
0.110171
0.13915
0.161989
0.132284
0.127012
0.118616
0.11654
0.127481
0.158077
0.13575
0.152981
0.136138
0.153863
0.173134
0.15062
0.127723
0.146246
0.166691
0.15295
0.177018
0.117615
0.117071
0.103962
0.179279
0.147219
0.167544
0.127815
0.148956
0.140045
0.145332
0.138778
0.143577
0.108642
0.120084
0.160749
0.131865
0.145713
0.109496
0.122921
0.160101
0.125577
0.128625
0.135614
0.148131
0.144588
0.128303
0.119209
0.123241
0.114153
0.0994657
0.124756
0.128939
0.15502
0.156998
0.129657
0.122695
0.134738
0.193976
0.157403
0.154895
0.140657
0.17856
0.169315
0.135325
0.133321
0.144577
0.154328
0.140572
0.155399
0.150586
0.149738
0.127465
0.122087
0.127302
0.132621
0.12473
0.125147
0.126808
0.117863
0.150751
0.158446
0.132505
0.13078
0.146271
0.122528
0.13382
0.131943
0.154777
0.134973
0.166398
0.154636
0.122834
0.123221
0.128115
0.130594
0.142315
0.135256
0.127167
0.147487
0.110208
0.148488
0.13333
0.13416
0.138843
0.136796
0.138898
0.132963
0.138867
0.131551
0.121175
0.129291
0.11822
0.117928
0.155962
0.165002
0.194724
0.140993
0.111874
0.139321
0.139716
0.193353
0.188003
0.151764
0.141437
0.179454
0.143307
0.139893
0.1461
0.130086
0.143895
0.161049
0.16161
0.167682
0.140317
0.146376
0.129706
0.155313
0.148497
0.144967
0.153172
0.128953
0.136918
0.134921
0.154768
0.134575
0.1456
0.121218
0.117775
0.123333
0.156403
0.144846
0.150592
0.19488
0.163881
0.152357
0.163263
0.117702
0.131178
0.120213
0.18247
0.142161
0.139066
0.156575
0.138503
0.136856
0.124681
0.153269
0.161511
0.134078
0.130918
0.119659
0.135557
0.165758
0.18215
0.183593
0.18336
0.187985
0.1328
0.135873
0.176192
0.172622
0.127516
0.138537
0.13653
0.118932
0.128023
0.15276
0.117779
0.129102
0.130122
0.137927
0.135186
0.121612
0.135486
0.169901
0.152558
0.177991
0.126099
0.155056
0.127033
0.18125
0.159308
0.126562
0.131268
0.125284
0.133237
0.131809
0.14877
0.166
0.190246
0.172521
0.166214
0.150629
0.138003
0.11606
0.146026
0.145849
0.162922
0.136514
0.173644
0.170324
0.159467
0.172886
0.133397
0.146138
0.167938
0.204191
0.148646
0.194277
0.161369
0.125836
0.173671
0.168949
0.151647
0.183617
0.150019
0.143989
0.163151
0.120684
0.117506
0.11963
0.11954
0.12554
0.134722
0.168914
0.147158
0.147915
0.137848
0.119456
0.170906
0.182412
0.14826
0.165847
0.154808
0.124841
0.136862
0.122625
0.140284
0.153656
0.133401
0.133113
0.14967
0.137484
0.162849
0.126454
0.163844
0.143461
0.124811
0.109414
0.1468
0.181667
0.135713
0.124849
0.130589
0.10529
0.126974
0.163297
0.190958
0.1188
0.131423
0.163349
0.117538
0.137149
0.136199
0.155509
0.134538
0.158376
0.142716
0.138237
0.119771
0.147567
0.136007
0.107903
0.167664
0.119142
0.134038
0.127494
0.142731
0.145832
0.174285
0.136668
0.176557
0.126589
0.141119
0.136039
0.131958
0.176878
0.129504
0.134474
0.145934
0.132109
0.151739
0.129735
0.131506
0.137648
0.191904
0.154599
0.14226
0.138085
0.1777
0.152475
0.139421
0.144059
0.129194
0.164085
0.172518
0.119106
0.11499
0.125405
0.146879
0.124875
0.127157
0.154519
0.113532
0.133656
0.129766
0.121284
0.147299
0.167486
0.198961
0.179173
0.174074
0.155665
0.108917
0.151892
0.156137
0.15311
0.106413
0.104549
0.138636
0.103949
0.180711
0.147491
0.152431
0.1319
0.138535
0.128934
0.143957
0.13935
0.122194
0.163273
0.129619
0.121816
0.103821
0.149035
0.113092
0.147319
0.155134
0.139795
0.157911
0.161569
0.139684
0.160397
0.147442
0.162803
0.137314
0.151363
0.118255
0.149849
0.105011
0.129651
0.127687
0.113865
0.129679
0.131269
0.150291
0.142088
0.155759
0.175628
0.126579
0.135529
0.127307
0.14506
0.138878
0.111499
0.153838
0.143459
0.144205
0.131113
0.139945
0.147712
0.156454
0.126454
0.133681
0.12392
0.148713
0.140796
0.140852
0.107164
0.121855
0.150518
0.12268
0.130035
0.138434
0.143217
0.125786
0.138276
0.158107
0.197356
0.199298
0.172216
0.160461
0.12925
0.141666
0.112356
0.130507
0.129583
0.12346
0.136129
0.148013
0.126437
0.108926
0.129806
0.122333
0.126596
0.107324
0.137522
0.126556
0.136435
0.13724
0.150715
0.160487
0.137021
0.124317
0.128212
0.118398
0.123675
0.134676
0.121449
0.149049
0.14789
0.188521
0.160221
0.145456
0.138419
0.127961
0.117879
0.123225
0.122579
0.133478
0.139657
0.171554
0.164987
0.154459
0.199551
0.133555
0.131044
0.155525
0.135796
0.184688
0.160056
0.137873
0.14022
0.115209
0.142023
0.155827
0.18539
0.158484
0.128146
0.152639
0.130461
0.120318
0.133318
0.141718
0.142779
0.136742
0.111851
0.123756
0.1408
0.138396
0.16817
0.148081
0.148474
0.139938
0.131015
0.116023
0.111527
0.113348
0.143851
0.141438
0.203304
0.158865
0.149485
0.205833
0.16905
0.119107
0.159736
0.135629
0.167216
0.160543
0.169713
0.106512
0.15091
0.143899
0.114888
0.144568
0.148038
0.142179
0.143393
0.132039
0.152056
0.155398
0.160198
0.113188
0.148481
0.168108
0.137238
0.147321
0.114132
0.121808
0.141432
0.148562
0.127408
0.155297
0.133058
0.109257
0.123428
0.14377
0.124731
0.143077
0.11897
0.129067
0.153809
0.112047
0.136931
0.132162
0.135239
0.110021
0.140157
0.140196
0.149126
0.142127
0.140415
0.128192
0.13142
0.148765
0.133697
0.132364
0.162345
0.102635
0.104841
0.11332
0.133576
0.127185
0.137483
0.142313
0.157057
0.137106
0.144637
0.130628
0.171942
0.143174
0.136949
0.173374
0.120342
0.118565
0.121166
0.154037
0.161436
0.128866
0.13671
0.160389
0.150363
0.153328
0.135288
0.148948
0.157078
0.150338
0.147001
0.157924
0.109221
0.123535
0.142561
0.151052
0.1336
0.150919
0.11989
0.118597
0.128941
0.118658
0.136139
0.125595
0.135495
0.166502
0.140272
0.126368
0.171231
0.130528
0.14781
0.132752
0.133996
0.147202
0.164647
0.165359
0.130178
0.117269
0.114045
0.108374
0.117447
0.122648
0.138243
0.139456
0.125324
0.152384
0.119011
0.145032
0.166868
0.151891
0.13282
0.133351
0.125063
0.140365
0.148321
0.126051
0.174292
0.171192
0.152547
0.119198
0.145559
0.15575
0.138507
0.141313
0.125253
0.123594
0.145446
0.136289
0.137707
0.132237
0.153156
0.15335
0.123568
0.156841
0.162088
0.149329
0.139855
0.186016
0.149914
0.130348
0.142128
0.186426
0.156522
0.118146
0.111177
0.107103
0.122982
0.161054
0.185976
0.123134
0.15393
0.13224
0.143475
0.149
0.145594
0.129326
0.151037
0.163352
0.15012
0.14293
0.129319
0.150414
0.131386
0.155695
0.159909
0.124562
0.134554
0.143853
0.118339
0.188211
0.135202
0.108241
0.131558
0.143905
0.151619
0.150263
0.166543
0.143831
0.124983
0.161084
0.130083
0.138485
0.139411
0.117212
0.124028
0.15847
0.17337
0.156887
0.142396
0.125727
0.136593
0.135875
0.167785
0.136472
0.134722
0.136339
0.137267
0.14047
0.151062
0.118195
0.152542
0.124549
0.113517
0.144034
0.114445
0.122647
0.15687
0.129983
0.138941
0.115423
0.121633
0.123544
0.135529
0.118564
0.140258
0.176456
0.142032
0.125859
0.154518
0.145907
0.10954
0.142807
0.127151
0.154489
0.122874
0.131609
0.144865
0.147179
0.152019
0.117369
0.14568
0.176781
0.121676
0.130453
0.131567
0.119444
0.127342
0.128112
0.156173
0.118048
0.126701
0.128305
0.173407
0.15143
0.107049
0.195338
0.133705
0.142456
0.132789
0.147346
0.140995
0.177428
0.174245
0.13929
0.15542
0.18506
0.147579
0.154539
0.148097
0.138826
0.124711
0.139419
0.135461
0.154717
0.128661
0.128837
0.133595
0.139116
0.15312
0.152241
0.161642
0.168181
0.182383
0.16532
0.165526
0.198932
0.174992
0.161573
0.128033
0.137412
0.120602
0.142355
0.168167
0.116875
0.120817
0.137122
0.162647
0.12841
0.11429
0.132877
0.117038
0.113335
0.154302
0.141832
0.149132
0.132793
0.13067
0.160394
0.176334
0.157103
0.134709
0.131138
0.170744
0.138484
0.12892
0.146143
0.134054
0.133826
0.141488
0.127484
0.128863
0.119446
0.14532
0.125745
0.133249
0.171177
0.177158
0.148277
0.107251
0.166881
0.122249
0.157312
0.145866
0.144342
0.118107
0.14494
0.147965
0.127039
0.13912
0.128352
0.113379
0.170086
0.168579
0.125642
0.150223
0.151243
0.130036
0.17959
0.13623
0.149061
0.154926
0.122224
0.137156
0.125907
0.167808
0.158005
0.162177
0.164223
0.132197
0.108646
0.134724
0.153025
0.127177
0.123761
0.153432
0.130303
0.136438
0.179516
0.150379
0.144269
0.144397
0.140688
0.124987
0.114246
0.160946
0.140656
0.133578
0.119843
0.139242
0.135082
0.164013
0.118164
0.114729
0.134171
0.185608
0.145197
0.12728
0.123412
0.119073
0.129524
0.128375
0.120838
0.144803
0.155886
0.135747
0.132458
0.128138
0.12115
0.127482
0.145761
0.129967
0.140182
0.147847
0.14454
0.128946
0.148358
0.150991
0.11167
0.17527
0.144947
0.159626
0.146057
0.127252
0.136554
0.154355
0.173952
0.161285
0.140422
0.124548
0.12668
0.149933
0.0970461
0.162486
0.145778
0.121377
0.156641
0.128232
0.149491
0.132994
0.149804
0.139982
0.13186
0.11029
0.127243
0.155463
0.139869
0.193202
0.172792
0.160065
0.155281
0.132992
0.130367
0.16581
0.135121
0.153526
0.131644
0.142975
0.12791
0.153631
0.16057
0.132521
0.112441
0.150665
0.155318
0.115129
0.146676
0.152984
0.119608
0.15224
0.166783
0.181302
0.122956
0.146608
0.163435
0.139847
0.170647
0.15776
0.128691
0.144065
0.110162
0.115719
0.123532
0.126388
0.128252
0.137961
0.144051
0.131463
0.139371
0.145809
0.141878
0.170214
0.121443
0.129444
0.136369
0.139339
0.12609
0.127457
0.144441
0.141533
0.115289
0.105917
0.117598
0.12447
0.204851
0.160149
0.163644
0.173826
0.159352
0.162464
0.141748
0.120138
0.113729
0.132068
0.126922
0.130931
0.140785
0.138688
0.101855
0.131953
0.151306
0.11279
0.120272
0.152711
0.158235
0.152408
0.127494
0.123694
0.126394
0.147023
0.132142
0.135364
0.161968
0.133035
0.108326
0.139917
0.133053
0.114071
0.153334
0.123481
0.127473
0.132289
0.151902
0.149312
0.11726
0.115143
0.162934
0.226232
0.146811
0.140864
0.148553
0.169717
0.129416
0.126039
0.132185
0.145402
0.138402
0.11314
0.134301
0.145816
0.163689
0.14993
0.139697
0.138909
0.123615
0.15279
0.143047
0.161566
0.147617
0.135584
0.162106
0.157088
0.120975
0.152763
0.133212
0.150069
0.170483
0.153011
0.140164
0.140223
0.178797
0.168448
0.147324
0.154337
0.160101
0.158595
0.148469
0.124492
0.152953
0.161695
0.212136
0.128871
0.140253
0.154156
0.146215
0.11756
0.128978
0.157418
0.139581
0.107703
0.133413
0.145185
0.128857
0.137144
0.145711
0.120551
0.130359
0.126589
0.147529
0.141932
0.166589
0.144557
0.135342
0.122316
0.134299
0.146503
0.13937
0.140937
0.109513
0.138984
0.154566
0.162094
0.139766
0.16807
0.15301
0.172347
0.127496
0.128423
0.170539
0.134306
0.149981
0.123945
0.123416
0.155693
0.138045
0.154366
0.143979
0.122458
0.131689
0.143132
0.161812
0.137467
0.12183
0.129889
0.159833
0.156204
0.214574
0.163971
0.155088
0.123368
0.157797
0.116153
0.15652
0.127818
0.149974
0.133891
0.140812
0.156258
0.163533
0.146521
0.167082
0.11093
0.129925
0.173864
0.121359
0.121371
0.136754
0.141217
0.155442
0.135966
0.126219
0.156496
0.143379
0.147029
0.124932
0.126413
0.131414
0.1727
0.154115
0.122846
0.126542
0.112105
0.143169
0.162703
0.138268
0.139549
0.122612
0.123816
0.153028
0.153514
0.111981
0.135272
0.143675
0.144846
0.162357
0.167625
0.137661
0.128126
0.150894
0.141423
0.111199
0.122366
0.125137
0.159839
0.176062
0.15519
0.129108
0.123518
0.122755
0.135956
0.146121
0.150596
0.149852
0.162445
0.147503
0.126054
0.127746
0.142224
0.117906
0.11777
0.140674
0.142419
0.140632
0.143566
0.123995
0.140891
0.131877
0.143957
0.14885
0.155147
0.171056
0.167933
0.13285
0.18849
0.160662
0.165767
0.151108
0.155442
0.169924
0.163234
0.162425
0.143604
0.121112
0.153516
0.119886
0.119124
0.112607
0.122774
0.117091
0.146207
0.165243
0.135092
0.135537
0.128422
0.157461
0.140456
0.178465
0.129644
0.125054
0.148179
0.129076
0.167628
0.14578
0.134726
0.126264
0.130625
0.133628
0.143369
0.122469
0.172333
0.262047
0.198539
0.176652
0.185864
0.125605
0.12524
0.143008
0.120159
0.131575
0.15273
0.195707
0.168095
0.141085
0.113118
0.118927
0.131123
0.142196
0.177143
0.151867
0.150371
0.136412
0.131798
0.117218
0.171112
0.155168
0.142466
0.171799
0.119869
0.139275
0.166855
0.135873
0.151222
0.159975
0.147572
0.131817
0.151073
0.169818
0.133154
0.156813
0.146474
0.143454
0.13448
0.153679
0.140605
0.139736
0.123785
0.163473
0.159692
0.144218
0.148573
0.12639
0.159596
0.113585
0.13145
0.158974
0.15851
0.167183
0.123364
0.13562
0.112193
0.131303
0.155173
0.105363
0.12
0.111966
0.132238
0.135425
0.131233
0.162161
0.144996
0.14039
0.15388
0.137133
0.115793
0.112052
0.141575
0.156674
0.120137
0.134928
0.16218
0.106674
0.157682
0.137212
0.140506
0.129242
0.127821
0.154734
0.198612
0.148435
0.120293
0.119805
0.115329
0.155729
0.133141
0.130172
0.135863
0.145887
0.129575
0.134445
0.117736
0.119775
0.161027
0.147175
0.132549
0.143233
0.184406
0.157676
0.173377
0.124354
0.141013
0.14416
0.151942
0.123702
0.123532
0.123965
0.140652
0.12827
0.142012
0.12448
0.122757
0.130834
0.138656
0.145869
0.114591
0.165796
0.159522
0.164408
0.205585
0.165098
0.171576
0.230425
0.139679
0.154541
0.131264
0.173151
0.155272
0.159598
0.141148
0.117208
0.123657
0.117223
0.150128
0.148884
0.215657
0.182766
0.160192
0.146938
0.133857
0.123542
0.127842
0.128601
0.132822
0.133618
0.149784
0.135062
0.159474
0.168259
0.121399
0.124106
0.131146
0.11727
0.134008
0.166111
0.181017
0.121425
0.131838
0.137534
0.154472
0.107532
0.150185
0.160953
0.121606
0.153469
0.174708
0.146897
0.127991
0.11262
0.175959
0.17213
0.161368
0.182015
0.161476
0.1577
0.117361
0.122449
0.127651
0.126712
0.126562
0.169845
0.126715
0.131054
0.14898
0.1785
0.114206
0.122996
0.125697
0.127908
0.139168
0.131408
0.149334
0.136193
0.139734
0.128322
0.159946
0.142977
0.130592
0.163513
0.161868
0.139315
0.150053
0.14206
0.150487
0.162813
0.131962
0.141368
0.139538
0.127321
0.126785
0.118044
0.149208
0.173929
0.176722
0.162855
0.118071
0.114568
0.162434
0.135213
0.168538
0.174424
0.14027
0.164952
0.128036
0.148469
0.114448
0.119351
0.147964
0.138421
0.167432
0.128564
0.149861
0.122754
0.13821
0.148577
0.149075
0.135292
0.135014
0.10802
0.123039
0.135454
0.156484
0.167349
0.160226
0.160794
0.13984
0.148196
0.172265
0.165976
0.158799
0.155814
0.122582
0.144284
0.153085
0.130641
0.113459
0.176779
0.136747
0.142528
0.121495
0.114223
0.114562
0.120123
0.14279
0.14712
0.115503
0.136469
0.148301
0.149354
0.196889
0.129917
0.150355
0.169061
0.148141
0.131852
0.211719
0.152904
0.135676
0.148494
0.132379
0.172475
0.193856
0.142785
0.17433
0.127321
0.144023
0.182266
0.166158
0.160364
0.126854
0.145022
0.118573
0.127579
0.135305
0.143759
0.141808
0.142271
0.142249
0.15236
0.149734
0.137774
0.140774
0.146965
0.164511
0.135637
0.158292
0.124233
0.138114
0.136094
0.178221
0.128471
0.120509
0.128944
0.111796
0.182008
0.131333
0.118595
0.135638
0.136263
0.213353
0.114406
0.176773
0.165711
0.138103
0.14589
0.145643
0.154344
0.129593
0.15625
0.155211
0.144775
0.131736
0.145875
0.146074
0.141608
0.125524
0.116548
0.133094
0.160598
0.123783
0.116957
0.120945
0.13869
0.137008
0.146725
0.151422
0.125761
0.143596
0.120535
0.133631
0.139967
0.125968
0.147009
0.137211
0.13652
0.105782
0.145119
0.132462
0.114872
0.155147
0.126493
0.14073
0.153735
0.170796
0.146778
0.178461
0.131498
0.171176
0.122647
0.133657
0.117608
0.116563
0.145056
0.149716
0.123915
0.124115
0.145737
0.149805
0.133113
0.121849
0.15393
0.152574
0.156846
0.157597
0.185735
0.191648
0.162527
0.120359
0.133731
0.167288
0.155044
0.120605
0.157965
0.114241
0.154987
0.137111
0.163586
0.194957
0.16443
0.133565
0.157249
0.135006
0.152651
0.100622
0.110026
0.16822
0.159766
0.146374
0.152961
0.164049
0.180292
0.140942
0.123819
0.134504
0.127668
0.147887
0.148669
0.123654
0.129087
0.150846
0.151766
0.147672
0.131783
0.14148
0.123279
0.133049
0.131627
0.159779
0.174798
0.168308
0.156423
0.194688
0.118113
0.125128
0.150318
0.123977
0.143258
0.113804
0.121625
0.13877
0.155878
0.141731
0.133919
0.132759
0.154362
0.121183
0.143602
0.15966
0.12196
0.137161
0.152077
0.138917
0.152114
0.128899
0.13974
0.183354
0.172947
0.130534
0.140424
0.127229
0.120832
0.12306
0.113535
0.113855
0.157216
0.107671
0.129688
0.14824
0.185882
0.164362
0.146693
0.11462
0.158314
0.141048
0.175757
0.14122
0.153494
0.143599
0.159681
0.116588
0.157683
0.123168
0.123397
0.137103
0.187092
0.133275
0.149668
0.114837
0.146032
0.16829
0.14364
0.132185
0.142544
0.113076
0.154894
0.20889
0.156786
0.166541
0.144068
0.126232
0.13846
0.150355
0.16805
0.14012
0.138025
0.146487
0.154651
0.155527
0.114553
0.109739
0.133179
0.121643
0.149287
0.13466
0.126265
0.143608
0.133212
0.148981
0.12645
0.119515
0.13927
0.147835
0.144938
0.120635
0.141793
0.127358
0.131398
0.148469
0.131061
0.16322
0.131816
0.132741
0.157778
0.190545
0.161251
0.170334
0.139202
0.115901
0.124273
0.155368
0.144517
0.133553
0.13036
0.16367
0.13164
0.136084
0.127343
0.117075
0.125189
0.111217
0.138505
0.177411
0.148931
0.159202
0.136478
0.142335
0.137502
0.161483
0.153495
0.148928
0.148108
0.119833
0.126992
0.153397
0.149003
0.1292
0.135174
0.133516
0.126444
0.175361
0.136723
0.146478
0.153525
0.16844
0.143928
0.142786
0.147019
0.130542
0.176682
0.176394
0.158007
0.12528
0.13854
0.125467
0.152406
0.120673
0.129278
0.134356
0.15247
0.168986
0.151495
0.135252
0.127987
0.109218
0.109776
0.139955
0.126539
0.109008
0.147371
0.132891
0.18512
0.13597
0.176256
0.152563
0.148703
0.144184
0.142176
0.108974
0.107096
0.149951
0.140534
0.170431
0.144265
0.145366
0.134521
0.14533
0.123249
0.177699
0.141472
0.139162
0.127456
0.153658
0.12849
0.155318
0.121705
0.163307
0.110157
0.138284
0.110792
0.133154
0.149797
0.142521
0.1752
0.125911
0.119569
0.125354
0.123737
0.126106
0.183808
0.154912
0.131588
0.110495
0.126649
0.137879
0.132809
0.165609
0.145466
0.155321
0.155692
0.142255
0.142902
0.120749
0.126475
0.183673
0.158849
0.116244
0.182829
0.143712
0.137364
0.138917
0.140287
0.161623
0.169142
0.14135
0.130718
0.119883
0.114759
0.14058
0.129852
0.118177
0.165655
0.148663
0.128229
0.142894
0.193194
0.124189
0.109781
0.136053
0.146729
0.134913
0.118962
0.12659
0.161344
0.124371
0.164365
0.149899
0.14635
0.147125
0.173803
0.219658
0.143674
0.153144
0.138965
0.157485
0.139655
0.150212
0.15963
0.102685
0.115814
0.133446
0.118634
0.138614
0.157445
0.166713
0.173893
0.131555
0.103537
0.140107
0.15044
0.144465
0.123735
0.153218
0.165823
0.154964
0.117242
0.135196
0.147799
0.139443
0.130168
0.120177
0.14012
0.131646
0.106799
0.119324
0.151639
0.135591
0.129708
0.104693
0.156979
0.142275
0.131522
0.127671
0.14477
0.151255
0.146338
0.135514
0.117701
0.127949
0.117319
0.129354
0.126861
0.150152
0.151129
0.106064
0.127052
0.153123
0.110259
0.126784
0.131684
0.156173
0.125681
0.124187
0.132876
0.172737
0.133644
0.165883
0.155813
0.149611
0.104888
0.126526
0.145462
0.163269
0.156952
0.163911
0.156966
0.111735
0.158041
0.121395
0.118937
0.1677
0.133036
0.114741
0.113093
0.126388
0.126523
0.170704
0.127289
0.127873
0.113378
0.139234
0.130547
0.12945
0.161603
0.165888
0.135225
0.117978
0.156048
0.133013
0.111369
0.155119
0.146605
0.145527
0.102967
0.152847
0.154053
0.142708
0.136342
0.168528
0.116756
0.143669
0.137379
0.136658
0.126145
0.136904
0.142349
0.132546
0.137525
0.168621
0.140444
0.150304
0.153578
0.14198
0.112216
0.155541
0.156507
0.131894
0.138871
0.137488
0.107101
0.141007
0.134679
0.126975
0.167656
0.127572
0.143316
0.152028
0.105617
0.145974
0.132022
0.138939
0.146736
0.141954
0.121124
0.151758
0.104518
0.140595
0.108937
0.124719
0.150409
0.171355
0.153502
0.130423
0.141718
0.114802
0.117814
0.116198
0.113707
0.113441
0.12369
0.108462
0.157381
0.143117
0.121907
0.116192
0.113077
0.142222
0.132045
0.147037
0.158101
0.146475
0.135211
0.113564
0.142747
0.114551
0.124988
0.146819
0.157917
0.154547
0.136095
0.131255
0.162287
0.139551
0.126034
0.133472
0.147703
0.139936
0.113857
0.139707
0.18112
0.144019
0.147276
0.140926
0.164321
0.115815
0.168575
0.118326
0.111561
0.131803
0.139499
0.138292
0.173971
0.145922
0.145627
0.126845
0.1805
0.12184
0.147086
0.126639
0.118348
0.114088
0.119915
0.143293
0.113075
0.133633
0.137208
0.136356
0.168
0.116897
0.130235
0.125472
0.132944
0.126122
0.150619
0.124455
0.148518
0.136823
0.167623
0.141056
0.143351
0.102266
0.154533
0.134783
0.146527
0.126989
0.118328
0.175183
0.121433
0.146845
0.136003
0.130458
0.149145
0.150947
0.141388
0.156888
0.148368
0.131379
0.111099
0.118577
0.129702
0.138284
0.146837
0.11808
0.123761
0.141925
0.143855
0.137481
0.156249
0.157074
0.149866
0.135435
0.137622
0.148906
0.139824
0.157762
0.142726
0.164898
0.140164
0.138415
0.147102
0.141937
0.166158
0.142776
0.106177
0.161019
0.116372
0.140077
0.145814
0.12911
0.179455
0.210447
0.169639
0.12467
0.126538
0.133485
0.146774
0.176425
0.155621
0.15696
0.139477
0.134783
0.13405
0.13758
0.186836
0.135117
0.149887
0.149656
0.125573
0.121767
0.119388
0.122607
0.145315
0.145655
0.139217
0.128557
0.109671
0.14299
0.109016
0.150671
0.151672
0.150405
0.138645
0.124973
0.114461
0.122697
0.11382
0.147375
0.124941
0.111826
0.145594
0.121411
0.127437
0.134738
0.165431
0.132164
0.112359
0.14078
0.110404
0.11135
0.111541
0.111827
0.136074
0.137514
0.127451
0.199906
0.144282
0.156901
0.138483
0.138672
0.145797
0.171211
0.128507
0.155978
0.143645
0.136101
0.168681
0.143791
0.148851
0.160453
0.143983
0.143197
0.171118
0.146787
0.141803
0.12822
0.123978
0.119782
0.172398
0.112822
0.14652
0.142705
0.121476
0.105803
0.1281
0.147968
0.16749
0.12446
0.177413
0.146103
0.139371
0.125824
0.114121
0.148032
0.122129
0.160012
0.125323
0.133802
0.14846
0.151078
0.112909
0.147115
0.218263
0.12594
0.16145
0.147475
0.160607
0.110247
0.120796
0.151697
0.126659
0.123127
0.118782
0.136133
0.13452
0.115618
0.119503
0.10796
0.112916
0.155746
0.140626
0.127831
0.13927
0.16932
0.170527
0.143767
0.17223
0.181622
0.144742
0.181513
0.155169
0.141973
0.199766
0.131046
0.164683
0.199372
0.156205
0.111612
0.123816
0.148028
0.137419
0.134041
0.138315
0.126362
0.13132
0.146683
0.163293
0.151436
0.142267
0.17374
0.105822
0.119272
0.103036
0.175488
0.131057
0.128045
0.13612
0.156815
0.145273
0.120615
0.126904
0.120383
0.146444
0.146248
0.166351
0.165606
0.117696
0.141354
0.160639
0.139903
0.101525
0.131933
0.13346
0.112252
0.13694
0.146398
0.16657
0.139422
0.142308
0.127736
0.134611
0.135482
0.147094
0.183446
0.143105
0.151223
0.121593
0.110952
0.118729
0.1108
0.121971
0.145933
0.136536
0.139427
0.170513
0.138515
0.151913
0.134337
0.12859
0.134663
0.129062
0.123001
0.118347
0.131549
0.129239
0.164455
0.145126
0.174679
0.185026
0.178129
0.119392
0.115519
0.127388
0.13944
0.126257
0.12473
0.134308
0.109663
0.138924
0.135729
0.125412
0.137295
0.182083
0.142188
0.143512
0.112303
0.143398
0.166578
0.158682
0.144107
0.131024
0.121432
0.168067
0.154185
0.192841
0.147288
0.124007
0.194579
0.124623
0.139758
0.126607
0.139733
0.17034
0.148073
0.127059
0.143829
0.143545
0.171407
0.125487
0.134647
0.128646
0.121076
0.155543
0.141103
0.123408
0.150029
0.144909
0.134831
0.127668
0.155703
0.133285
0.150502
0.130343
0.131507
0.141332
0.123491
0.128523
0.171553
0.155148
0.153456
0.148418
0.146541
0.141609
0.127795
0.128689
0.14207
0.172627
0.143872
0.148197
0.153192
0.115746
0.119953
0.146761
0.122212
0.121606
0.139563
0.162718
0.122015
0.14817
0.122854
0.128988
0.141497
0.157975
0.150082
0.136809
0.128314
0.136302
0.130275
0.169774
0.138492
0.143734
0.139461
0.15522
0.147031
0.144812
0.147745
0.109154
0.127442
0.156606
0.1446
0.120482
0.164979
0.142404
0.11324
0.113248
0.119396
0.13177
0.11731
0.128046
0.127659
0.132832
0.155909
0.134782
0.147325
0.128567
0.124627
0.155135
0.144196
0.157252
0.148589
0.137034
0.127717
0.158199
0.123047
0.126729
0.169614
0.182426
0.151694
0.159996
0.123179
0.125491
0.169446
0.136314
0.160829
0.124048
0.121703
0.127711
0.135804
0.126168
0.146743
0.137154
0.146866
0.146148
0.119249
0.126537
0.173167
0.154923
0.125161
0.181706
0.191375
0.15753
0.148598
0.14551
0.171177
0.163423
0.137094
0.163328
0.152476
0.195502
0.137474
0.137171
0.132567
0.138055
0.155841
0.146728
0.161166
0.139578
0.129324
0.145996
0.146955
0.138754
0.164136
0.183433
0.140498
0.120727
0.129494
0.129742
0.133627
0.162718
0.155586
0.156347
0.155125
0.166732
0.141919
0.129701
0.131704
0.154945
0.176284
0.14563
0.130338
0.129642
0.157056
0.143575
0.149494
0.158021
0.149239
0.147132
0.142792
0.135807
0.145011
0.155748
0.136391
0.113398
0.151486
0.135635
0.168796
0.138823
0.129418
0.143309
0.150993
0.146325
0.111831
0.112353
0.130113
0.122078
0.163753
0.152917
0.124386
0.143372
0.172311
0.122202
0.129289
0.14757
0.136731
0.122688
0.14972
0.185869
0.136638
0.107309
0.16199
0.133157
0.133178
0.147891
0.131068
0.126589
0.131085
0.113188
0.146052
0.198162
0.167567
0.193193
0.17968
0.145393
0.171203
0.208512
0.16583
0.134828
0.12915
0.14015
0.142923
0.159509
0.188501
0.1427
0.164616
0.139107
0.162943
0.17239
0.12851
0.157622
0.15019
0.131551
0.124497
0.143205
0.128238
0.135139
0.125345
0.138636
0.115215
0.159407
0.123429
0.130379
0.13439
0.116562
0.125142
0.142172
0.139485
0.133942
0.128545
0.130412
0.150572
0.11961
0.136161
0.127378
0.140863
0.137188
0.159648
0.130535
0.157757
0.132841
0.157786
0.154095
0.118806
0.106588
0.123274
0.145229
0.137666
0.160219
0.131399
0.13344
0.134043
0.143993
0.14965
0.167593
0.145753
0.154689
0.152652
0.143031
0.135763
0.126342
0.144945
0.121528
0.107062
0.170092
0.167693
0.156489
0.177918
0.149063
0.143571
0.153685
0.196212
0.189775
0.127968
0.18778
0.12481
0.135526
0.139606
0.18027
0.168435
0.11744
0.13658
0.179593
0.161064
0.184885
0.127876
0.15326
0.149062
0.120558
0.128618
0.15445
0.129902
0.126907
0.131044
0.135538
0.133737
0.150058
0.141723
0.158485
0.154058
0.147345
0.149363
0.145526
0.144559
0.156986
0.155917
0.136777
0.149013
0.124969
0.18514
0.193337
0.174743
0.172176
0.149876
0.133832
0.168591
0.155003
0.151987
0.119222
0.119814
0.138939
0.115263
0.16827
0.142017
0.123976
0.151084
0.123701
0.120183
0.118785
0.139775
0.155026
0.1259
0.131737
0.133144
0.132133
0.123696
0.140871
0.158148
0.16081
0.165594
0.154268
0.144152
0.152526
0.122809
0.140809
0.142542
0.142944
0.13654
0.138874
0.179416
0.184936
0.157811
0.141297
0.146076
0.121781
0.130527
0.120523
0.122888
0.122758
0.135487
0.151306
0.144702
0.150931
0.169759
0.140064
0.142037
0.145618
0.14257
0.134143
0.115032
0.138954
0.119173
0.129035
0.131498
0.134813
0.144315
0.176976
0.145194
0.129494
0.144633
0.196629
0.175918
0.172147
0.151848
0.120035
0.139282
0.173842
0.152963
0.162216
0.124305
0.134038
0.140918
0.123066
0.119054
0.124603
0.138696
0.122566
0.136202
0.126577
0.176942
0.160026
0.137541
0.153237
0.131296
0.129712
0.137669
0.127707
0.126533
0.144882
0.121322
0.139857
0.138424
0.18012
0.157099
0.127697
0.124042
0.143811
0.138928
0.13573
0.157187
0.135057
0.120543
0.121517
0.152162
0.203027
0.163704
0.139307
0.174473
0.124684
0.127971
0.131879
0.125685
0.149182
0.129734
0.149281
0.125234
0.136521
0.127642
0.132383
0.222873
0.147449
0.154829
0.146034
0.118092
0.130354
0.128231
0.170731
0.165811
0.166025
0.122333
0.125074
0.166465
0.17515
0.124788
0.107959
0.149944
0.146395
0.134119
0.152042
0.128288
0.13012
0.19223
0.13545
0.148641
0.127645
0.143554
0.13416
0.12286
0.110818
0.148506
0.159029
0.119068
0.12434
0.125498
0.125787
0.135225
0.135288
0.162811
0.144785
0.147521
0.125808
0.171497
0.117071
0.127014
0.11044
0.12069
0.134497
0.130735
0.114625
0.101683
0.119951
0.125068
0.136129
0.151364
0.14954
0.140719
0.176914
0.150621
0.139428
0.133757
0.12932
0.149215
0.129264
0.115805
0.148844
0.1337
0.151635
0.151712
0.141464
0.154249
0.15206
0.153909
0.129966
0.130527
0.121796
0.193874
0.145562
0.119843
0.132152
0.152068
0.145268
0.119615
0.124517
0.141856
0.119769
0.135208
0.142242
0.151281
0.137358
0.123214
0.136227
0.136277
0.151999
0.158628
0.122748
0.132514
0.140482
0.151237
0.160469
0.154299
0.146391
0.143107
0.153916
0.134599
0.120807
0.120567
0.121528
0.12529
0.155579
0.132897
0.116219
0.136437
0.1248
0.152303
0.146527
0.149486
0.158254
0.121728
0.145953
0.154338
0.114492
0.185633
0.146468
0.132989
0.18434
0.163327
0.124162
0.129454
0.130994
0.137367
0.176584
0.113064
0.165137
0.106883
0.117727
0.149905
0.107036
0.119256
0.126123
0.181008
0.106723
0.125375
0.100028
0.13141
0.153367
0.120291
0.16427
0.174138
0.115306
0.136417
0.160121
0.128015
0.118709
0.125099
0.13914
0.153629
0.142395
0.132633
0.119857
0.126961
0.107499
0.103542
0.11773
0.141063
0.141836
0.166907
0.103944
0.119727
0.122211
0.144692
0.13951
0.175095
0.170955
0.162305
0.127526
0.122723
0.147421
0.139146
0.136202
0.131913
0.112283
0.11454
0.13154
0.125503
0.133805
0.131469
0.133309
0.163584
0.12731
0.168735
0.138478
0.153457
0.153356
0.126921
0.178682
0.153878
0.122639
0.13532
0.130359
0.141539
0.116469
0.10448
0.131075
0.124217
0.169233
0.187691
0.168573
0.176595
0.131965
0.113272
0.138364
0.135107
0.13329
0.16096
0.137699
0.13011
0.144221
0.131301
0.157619
0.155316
0.11597
0.154582
0.178241
0.156176
0.16945
0.163521
0.130051
0.140173
0.141317
0.164364
0.127344
0.112981
0.154408
0.139932
0.146014
0.15871
0.137573
0.11377
0.12718
0.163855
0.128248
0.168502
0.165983
0.130103
0.126497
0.132754
0.158944
0.118997
0.112565
0.114828
0.121529
0.115778
0.159546
0.125676
0.128356
0.161769
0.144931
0.138403
0.164966
0.155408
0.137869
0.172526
0.131833
0.20552
0.184746
0.12168
0.162687
0.129049
0.159924
0.147259
0.123176
0.123983
0.139431
0.133247
0.118151
0.144815
0.131441
0.137604
0.175947
0.152197
0.148095
0.127955
0.118615
0.140579
0.133223
0.130204
0.115316
0.145185
0.116189
0.114024
0.148216
0.125147
0.140153
0.118551
0.109153
0.125793
0.149525
0.184136
0.146246
0.171214
0.133534
0.122621
0.110367
0.15089
0.127499
0.151921
0.137345
0.116506
0.124299
0.135985
0.140461
0.139892
0.134746
0.12475
0.177938
0.140504
0.136235
0.127911
0.109054
0.150562
0.154632
0.131517
0.133355
0.134328
0.0889227
0.125959
0.155393
0.160103
0.099074
0.157877
0.201253
0.195083
0.131937
0.196949
0.153723
0.129308
0.134059
0.12848
0.164378
0.130057
0.105296
0.118024
0.128519
0.138651
0.12278
0.130539
0.115147
0.133513
0.13084
0.142423
0.146421
0.222444
0.15063
0.166144
0.18383
0.154456
0.130942
0.132492
0.144841
0.124239
0.130353
0.127452
0.131347
0.121506
0.163623
0.122777
0.136409
0.130269
0.141201
0.13886
0.11824
0.142536
0.134047
0.11563
0.157598
0.136695
0.138232
0.142847
0.127335
0.189279
0.113896
0.121687
0.130938
0.113674
0.136511
0.131201
0.137263
0.1384
0.143953
0.129872
0.159023
0.145912
0.158795
0.126483
0.107475
0.123732
0.122287
0.140283
0.168539
0.150132
0.112573
0.146661
0.146295
0.118369
0.146946
0.17611
0.155772
0.156769
0.183621
0.119074
0.120511
0.176146
0.166919
0.150271
0.142561
0.140822
0.155286
0.151573
0.160696
0.149587
0.162631
0.153634
0.1405
0.14362
0.152479
0.161185
0.116122
0.146697
0.128012
0.114082
0.122251
0.180859
0.145434
0.213839
0.128339
0.113549
0.184028
0.118255
0.141388
0.121231
0.118252
0.126558
0.155161
0.142724
0.139619
0.125107
0.13968
0.146632
0.137661
0.144842
0.13377
0.131821
0.133877
0.135639
0.144145
0.150691
0.144122
0.182739
0.155943
0.138886
0.138564
0.107466
0.15092
0.149059
0.157829
0.159754
0.142668
0.137766
0.161827
0.158675
0.145509
0.13475
0.124124
0.137406
0.104372
0.126305
0.182298
0.14486
0.151548
0.128795
0.111366
0.12677
0.15146
0.125645
0.144037
0.122836
0.134528
0.155485
0.104127
0.165853
0.138435
0.139453
0.114337
0.123724
0.145983
0.123923
0.148088
0.104929
0.120513
0.149074
0.14459
0.138054
0.118097
0.139121
0.124634
0.146222
0.151873
0.145348
0.148461
0.125097
0.157584
0.144331
0.120558
0.162088
0.151679
0.162321
0.187122
0.1601
0.176333
0.136171
0.129077
0.129654
0.116461
0.129082
0.144732
0.121286
0.115584
0.119921
0.123591
0.114171
0.144001
0.14651
0.15531
0.146727
0.168741
0.133944
0.152328
0.122599
0.189355
0.124785
0.171244
0.126732
0.133356
0.137435
0.156668
0.138398
0.116123
0.172653
0.128702
0.166547
0.148063
0.142189
0.141653
0.115007
0.131425
0.13306
0.133996
0.154988
0.144729
0.152742
0.14044
0.136031
0.10234
0.116857
0.127078
0.136895
0.155462
0.1172
0.126152
0.157791
0.154639
0.155277
0.16112
0.12198
0.115133
0.108256
0.119658
0.132664
0.130151
0.148189
0.128115
0.125045
0.135356
0.145871
0.126543
0.146617
0.196675
0.159428
0.129756
0.155958
0.143991
0.134913
0.138581
0.123089
0.169925
0.154127
0.13201
0.122692
0.104826
0.116799
0.132392
0.131019
0.119461
0.162117
0.121719
0.150128
0.135385
0.11623
0.146903
0.137752
0.14648
0.155794
0.132305
0.122348
0.120424
0.116504
0.175289
0.116328
0.125628
0.132967
0.14269
0.136665
0.102361
0.131924
0.130342
0.109598
0.154291
0.127511
0.130314
0.128404
0.132053
0.173055
0.148978
0.149591
0.128935
0.114352
0.14159
0.161057
0.110839
0.142641
0.159122
0.154642
0.146725
0.163673
0.134563
0.138139
0.153997
0.174876
0.180184
0.116826
0.134287
0.140656
0.141424
0.12143
0.117987
0.121305
0.138047
0.14521
0.11919
0.138055
0.12428
0.128572
0.162654
0.152795
0.127539
0.123363
0.147038
0.173802
0.141197
0.166074
0.117367
0.114949
0.117053
0.126185
0.158841
0.123219
0.108153
0.131293
0.186802
0.145016
0.155539
0.169005
0.140743
0.17851
0.168401
0.167182
0.198007
0.175532
0.154558
0.133381
0.14689
0.175845
0.165665
0.128422
0.150348
0.177827
0.132329
0.151749
0.114454
0.10759
0.132894
0.148052
0.156194
0.138071
0.143532
0.141844
0.121139
0.123622
0.165048
0.13514
0.136902
0.132659
0.123027
0.132251
0.129715
0.1393
0.158335
0.193957
0.165824
0.137259
0.127419
0.108119
0.0960878
0.140522
0.127253
0.139717
0.146274
0.129296
0.133084
0.154094
0.138953
0.131153
0.141975
0.149544
0.188462
0.1633
0.162295
0.136339
0.127411
0.173253
0.148788
0.141919
0.143552
0.160085
0.108086
0.150233
0.144432
0.147961
0.127403
0.124766
0.144748
0.132224
0.157498
0.170442
0.138928
0.110457
0.131223
0.128774
0.126027
0.136754
0.121823
0.123056
0.117792
0.133596
0.175159
0.1135
0.123819
0.112878
0.11453
0.155865
0.153185
0.157273
0.155103
0.143122
0.152981
0.150085
0.149765
0.193053
0.166364
0.152856
0.126783
0.175728
0.141376
0.137733
0.118944
0.129903
0.146783
0.146225
0.176853
0.15996
0.167259
0.128497
0.139733
0.16541
0.123794
0.156732
0.139547
0.16729
0.155358
0.124506
0.14467
0.152987
0.115046
0.148929
0.111323
0.142379
0.129234
0.138732
0.126967
0.114842
0.110013
0.138258
0.146375
0.143327
0.13565
0.127619
0.20431
0.159594
0.206785
0.169285
0.166576
0.183049
0.141465
0.133771
0.132941
0.12222
0.129931
0.143298
0.127875
0.168647
0.155304
0.139326
0.155226
0.138497
0.107975
0.139609
0.145206
0.151803
0.135905
0.113476
0.128187
0.170217
0.140296
0.111204
0.144957
0.153375
0.157812
0.13506
0.149853
0.1407
0.11645
0.134985
0.115721
0.141446
0.143145
0.130242
0.159672
0.123331
0.122221
0.135886
0.139068
0.154713
0.148227
0.116358
0.118793
0.139055
0.155559
0.147701
0.163783
0.151014
0.121996
0.131379
0.147177
0.146722
0.136334
0.151053
0.120037
0.119499
0.136639
0.147203
0.164151
0.147077
0.147016
0.133621
0.117006
0.141385
0.147747
0.15029
0.12542
0.130395
0.139291
0.113129
0.159209
0.119966
0.115223
0.105993
0.142647
0.134093
0.132996
0.151651
0.141332
0.149258
0.148107
0.181312
0.165249
0.127839
0.155637
0.14428
0.122592
0.124116
0.133207
0.135681
0.156214
0.164793
0.128196
0.12334
0.0967288
0.126142
0.166309
0.141369
0.132156
0.143225
0.12908
0.15709
0.17156
0.166911
0.133072
0.132715
0.136367
0.138153
0.155181
0.165139
0.135255
0.127734
0.147355
0.169191
0.147051
0.16889
0.163391
0.141627
0.146542
0.183156
0.149501
0.128754
0.137913
0.162511
0.14823
0.14397
0.15471
0.117941
0.11664
0.122667
0.159325
0.121063
0.14386
0.140603
0.126651
0.127324
0.12215
0.119258
0.135229
0.140843
0.111332
0.114262
0.191601
0.130291
0.172926
0.11979
0.171082
0.148529
0.189939
0.197872
0.132638
0.139336
0.153709
0.200562
0.140164
0.177078
0.123109
0.121172
0.122224
0.167871
0.16432
0.131856
0.132888
0.186429
0.131948
0.130291
0.162145
0.123115
0.199282
0.158745
0.132237
0.148592
0.110497
0.124256
0.114905
0.11419
0.124869
0.126988
0.136151
0.129625
0.150106
0.135851
0.173301
0.144139
0.139737
0.143527
0.156807
0.134921
0.195164
0.14911
0.134301
0.135746
0.182032
0.135974
0.159425
0.119673
0.147381
0.14806
0.116424
0.141227
0.112745
0.133194
0.141251
0.11439
0.159659
0.144584
0.141085
0.153414
0.119842
0.108831
0.167543
0.140792
0.158665
0.132523
0.125496
0.177641
0.165293
0.139361
0.196462
0.150608
0.149733
0.126699
0.107228
0.179449
0.184605
0.116496
0.126703
0.17523
0.114312
0.149212
0.1328
0.141182
0.142836
0.139406
0.152064
0.115496
0.150496
0.131004
0.123163
0.110343
0.146736
0.128045
0.12945
0.167221
0.166901
0.12223
0.122631
0.126039
0.144164
0.107281
0.143622
0.154149
0.154815
0.110017
0.148371
0.167307
0.156557
0.143274
0.127445
0.142179
0.135994
0.171879
0.148593
0.160221
0.141443
0.125202
0.134124
0.134408
0.14405
0.131069
0.112538
0.142916
0.12844
0.140085
0.139994
0.136627
0.130676
0.130964
0.114924
0.147704
0.147592
0.130241
0.163825
0.123055
0.116543
0.105967
0.168407
0.143345
0.140438
0.139905
0.181476
0.169982
0.143096
0.153592
0.142628
0.14007
0.12671
0.13912
0.111348
0.146345
0.110422
0.158764
0.136312
0.164813
0.153746
0.150945
0.189424
0.160325
0.180825
0.160366
0.166681
0.12304
0.126802
0.193416
0.108795
0.129657
0.144793
0.143863
0.127201
0.14125
0.143099
0.123306
0.124666
0.128648
0.128185
0.151687
0.147444
0.140311
0.118056
0.165285
0.148288
0.155411
0.128769
0.135537
0.152253
0.133969
0.135764
0.130178
0.132632
0.162571
0.150871
0.128617
0.134272
0.106914
0.116745
0.140308
0.121963
0.1214
0.142825
0.16121
0.130432
0.152998
0.129824
0.118694
0.125806
0.114145
0.14754
0.160065
0.154754
0.127174
0.138359
0.0958064
0.126729
0.151627
0.125091
0.164525
0.155907
0.198308
0.1487
0.148392
0.16791
0.149046
0.139055
0.134336
0.121749
0.156207
0.13964
0.130718
0.119021
0.146987
0.120099
0.179545
0.144336
0.207752
0.130319
0.125465
0.14801
0.16872
0.144437
0.155171
0.110098
0.120825
0.158572
0.155174
0.140069
0.128564
0.187742
0.151145
0.124139
0.134865
0.164754
0.140607
0.145916
0.130915
0.129603
0.139609
0.16883
0.14723
0.16157
0.119324
0.144436
0.144954
0.162584
0.191024
0.152231
0.141413
0.149855
0.149417
0.113761
0.122639
0.118472
0.163372
0.132105
0.137676
0.146962
0.135813
0.18244
0.185261
0.1492
0.159237
0.160481
0.156515
0.159913
0.144979
0.111845
0.117451
0.139639
0.139668
0.143291
0.133954
0.137784
0.145628
0.160456
0.14946
0.160459
0.12224
0.108814
0.141484
0.126856
0.143222
0.143794
0.132455
0.117763
0.114018
0.131596
0.126854
0.150796
0.133423
0.133639
0.12971
0.142201
0.120736
0.129906
0.128976
0.130288
0.133709
0.145195
0.145429
0.16921
0.131993
0.163503
0.125245
0.130199
0.172691
0.1653
0.164822
0.136424
0.129382
0.141442
0.154069
0.150654
0.128343
0.138202
0.152471
0.145448
0.136863
0.152042
0.147876
0.141402
0.148861
0.156555
0.154611
0.14084
0.166409
0.17221
0.141234
0.135548
0.170112
0.160436
0.159436
0.184566
0.163873
0.138829
0.140457
0.141846
0.139299
0.146268
0.134781
0.172449
0.132723
0.116164
0.107401
0.129746
0.152696
0.175761
0.166344
0.128492
0.118099
0.136279
0.130723
0.211745
0.123244
0.148745
0.147879
0.132021
0.137187
0.125051
0.109068
0.119985
0.125515
0.125128
0.151408
0.15166
0.186653
0.154631
0.126732
0.105488
0.134736
0.149044
0.135047
0.140091
0.126427
0.123251
0.124111
0.128298
0.171167
0.15106
0.135222
0.142762
0.155404
0.166712
0.147247
0.137925
0.124921
0.147685
0.146064
0.11695
0.127026
0.150487
0.168201
0.151817
0.126804
0.128982
0.134333
0.131731
0.159549
0.143355
0.134625
0.124978
0.125758
0.117815
0.168199
0.13468
0.127629
0.162592
0.136468
0.117908
0.139539
0.128879
0.170513
0.135338
0.129198
0.176943
0.148792
0.151603
0.167355
0.142875
0.158556
0.13522
0.162779
0.137939
0.148762
0.118453
0.13275
0.126779
0.154849
0.173951
0.127541
0.141301
0.135369
0.138476
0.159457
0.145151
0.142586
0.114171
0.145717
0.122602
0.133406
0.160418
0.148014
0.110643
0.132807
0.141511
0.130308
0.120292
0.206938
0.154559
0.182489
0.147866
0.117993
0.149495
0.157848
0.128066
0.165167
0.130388
0.144015
0.162319
0.123882
0.131346
0.153121
0.152202
0.157545
0.131283
0.144709
0.148103
0.176486
0.177762
0.160621
0.130113
0.156477
0.125162
0.157593
0.166668
0.153753
0.155868
0.140985
0.146583
0.152967
0.131198
0.13867
0.133988
0.135461
0.150546
0.131002
0.141495
0.160291
0.18194
0.160308
0.176246
0.140851
0.149025
0.175262
0.157401
0.159106
0.166111
0.148047
0.166869
0.148818
0.146733
0.130786
0.105799
0.118979
0.10974
0.137559
0.123197
0.168486
0.119212
0.150838
0.126706
0.139223
0.148461
0.17095
0.141359
0.118153
0.142147
0.13616
0.146423
0.111302
0.122322
0.131298
0.135624
0.109966
0.118612
0.148555
0.145719
0.150748
0.150738
0.116933
0.113509
0.132025
0.123209
0.134585
0.120771
0.131372
0.150962
0.180929
0.132682
0.145599
0.145764
0.141192
0.146603
0.138792
0.133728
0.114465
0.135591
0.156948
0.138946
0.146662
0.148436
0.170068
0.135748
0.118697
0.141483
0.16266
0.137194
0.146378
0.1024
0.143995
0.118225
0.138094
0.1623
0.158446
0.144722
0.148109
0.160018
0.136356
0.158681
0.159834
0.182597
0.1588
0.129234
0.136454
0.145766
0.180764
0.133365
0.110241
0.126263
0.153123
0.135718
0.138118
0.142064
0.159955
0.14197
0.138724
0.150283
0.144325
0.145773
0.192614
0.139724
0.159071
0.137426
0.130952
0.126087
0.150213
0.131009
0.15416
0.162289
0.173324
0.167919
0.117635
0.154512
0.169231
0.109119
0.136682
0.139947
0.129122
0.166796
0.137024
0.151371
0.13566
0.134339
0.135541
0.109275
0.101978
0.120567
0.13049
0.149992
0.162437
0.141099
0.134146
0.145896
0.131145
0.144603
0.158041
0.177785
0.144026
0.128357
0.139739
0.134917
0.123729
0.130419
0.123546
0.143946
0.169107
0.129783
0.117248
0.132751
0.193639
0.147564
0.153185
0.101953
0.131069
0.12756
0.126578
0.129046
0.129982
0.146255
0.138736
0.159953
0.114598
0.123622
0.0989898
0.111943
0.1657
0.11005
0.119688
0.132228
0.138099
0.179155
0.149575
0.125187
0.133752
0.155762
0.151464
0.150456
0.152752
0.113063
0.13607
0.136499
0.118325
0.115294
0.137787
0.127666
0.135049
0.146918
0.153602
0.152809
0.183007
0.122798
0.178162
0.121381
0.104849
0.123539
0.147147
0.108326
0.121288
0.1185
0.130724
0.158005
0.141451
0.150123
0.140672
0.122304
0.138694
0.138902
0.149763
0.140768
0.154554
0.122199
0.141536
0.12237
0.145237
0.132914
0.182731
0.144686
0.113718
0.144278
0.12719
0.145542
0.124946
0.122158
0.135437
0.166654
0.189629
0.17109
0.156931
0.13517
0.14804
0.144404
0.118371
0.164558
0.15354
0.122774
0.106335
0.1111
0.143196
0.121551
0.120971
0.130972
0.138239
0.14297
0.145626
0.136419
0.157489
0.144081
0.152837
0.126874
0.164681
0.130916
0.143715
0.124987
0.122453
0.146742
0.159252
0.110466
0.14467
0.163481
0.145175
0.141103
0.134534
0.166532
0.163126
0.125269
0.127933
0.184323
0.175394
0.129089
0.141189
0.145849
0.149754
0.193386
0.15768
0.140699
0.120239
0.203887
0.143061
0.147803
0.122645
0.106765
0.10917
0.119064
0.173895
0.118998
0.12837
0.170539
0.127467
0.140487
0.115811
0.134341
0.163464
0.132626
0.116958
0.14129
0.132221
0.156755
0.164635
0.109538
0.12145
0.137004
0.124223
0.16064
0.141082
0.161632
0.147156
0.165801
0.162661
0.137796
0.161773
0.144975
0.16384
0.150262
0.155426
0.159017
0.127806
0.118817
0.155803
0.152144
0.156962
0.140695
0.152067
0.156613
0.172164
0.121747
0.121525
0.153877
0.118061
0.148118
0.129697
0.142095
0.149345
0.148669
0.146839
0.169486
0.140807
0.146742
0.11351
0.126569
0.122162
0.170134
0.124599
0.146655
0.126345
0.184775
0.107742
0.139448
0.137436
0.141306
0.12848
0.133223
0.144496
0.1541
0.171815
0.136245
0.137929
0.15183
0.191435
0.153732
0.13307
0.176322
0.120121
0.129142
0.124979
0.159306
0.142397
0.148123
0.12929
0.118317
0.11757
0.161905
0.157489
0.148074
0.120333
0.180095
0.15023
0.104577
0.122356
0.137681
0.12607
0.148001
0.124462
0.170348
0.162952
0.137164
0.14737
0.135829
0.121619
0.208481
0.134692
0.13837
0.12799
0.144971
0.151598
0.135192
0.134639
0.129245
0.155413
0.159527
0.166728
0.126731
0.119797
0.133348
0.149007
0.121127
0.112753
0.119802
0.15191
0.124924
0.145413
0.197184
0.145887
0.187937
0.142701
0.157952
0.142922
0.136098
0.135248
0.120483
0.123855
0.143304
0.129255
0.178471
0.142339
0.147738
0.137258
0.149268
0.113921
0.135608
0.168135
0.171623
0.169997
0.157435
0.128361
0.132159
0.178788
0.146373
0.14235
0.125026
0.209011
0.121594
0.135697
0.110698
0.133724
0.12283
0.125902
0.156036
0.152955
0.154779
0.141143
0.111372
0.130742
0.146663
0.133413
0.119596
0.11442
0.141497
0.122917
0.137576
0.112642
0.156557
0.131511
0.117505
0.11014
0.144114
0.113654
0.0991272
0.137768
0.13468
0.19994
0.139058
0.169135
0.171472
0.123325
0.133752
0.153509
0.120791
0.126171
0.128001
0.119419
0.112492
0.120819
0.120644
0.135453
0.133014
0.149669
0.13476
0.123066
0.133165
0.130684
0.110088
0.118332
0.143927
0.158829
0.18309
0.153823
0.158834
0.168932
0.121603
0.136338
0.171561
0.13125
0.140064
0.1448
0.136295
0.161595
0.135183
0.160889
0.136416
0.173549
0.13402
0.143616
0.118187
0.134645
0.147732
0.146811
0.136336
0.143483
0.205891
0.125694
0.149341
0.129884
0.152431
0.142044
0.149763
0.173773
0.148551
0.144044
0.160555
0.162138
0.139014
0.16255
0.137436
0.136867
0.137154
0.107829
0.114954
0.135811
0.152579
0.159497
0.162619
0.163214
0.172918
0.177051
0.14859
0.11852
0.143429
0.136035
0.150087
0.144203
0.149374
0.132248
0.171727
0.151129
0.153245
0.149992
0.18292
0.149054
0.136431
0.128976
0.139926
0.125527
0.119526
0.152798
0.141489
0.150478
0.141543
0.146578
0.117965
0.140581
0.161617
0.119521
0.109129
0.131556
0.138848
0.129042
0.140859
0.123103
0.129791
0.141437
0.140731
0.133618
0.131125
0.153274
0.111163
0.143569
0.13179
0.126231
0.118359
0.138685
0.126617
0.147354
0.127572
0.123974
0.161921
0.132544
0.146461
0.126614
0.128968
0.116705
0.186006
0.155542
0.134607
0.142503
0.172786
0.144587
0.122667
0.131582
0.134848
0.127157
0.145954
0.11176
0.179676
0.137666
0.137696
0.167348
0.157238
0.161462
0.136837
0.139065
0.123641
0.123753
0.160195
0.134799
0.115542
0.139329
0.120995
0.123827
0.127412
0.149464
0.102955
0.154537
0.15236
0.157837
0.143169
0.173697
0.140247
0.109333
0.123569
0.143843
0.173258
0.137817
0.128648
0.123855
0.128585
0.116261
0.147857
0.0983182
0.126618
0.13033
0.145007
0.141365
0.141016
0.121577
0.165609
0.144399
0.191724
0.163583
0.153801
0.163302
0.163166
0.124037
0.137464
0.13308
0.127203
0.139274
0.14653
0.103945
0.104235
0.159496
0.147716
0.126273
0.15248
0.148035
0.151981
0.149391
0.15141
0.182752
0.162554
0.144603
0.134502
0.148553
0.150684
0.1444
0.148702
0.132308
0.147113
0.143044
0.115375
0.134118
0.131114
0.10314
0.181587
0.158767
0.171539
0.19569
0.184692
0.145847
0.144191
0.164194
0.120256
0.176346
0.15811
0.147026
0.14032
0.128374
0.157042
0.168305
0.142361
0.130525
0.130059
0.141006
0.116036
0.13844
0.155784
0.185683
0.181209
0.147065
0.177964
0.182471
0.143069
0.133521
0.152368
0.163519
0.108439
0.123381
0.117659
0.135462
0.117373
0.134763
0.158302
0.157903
0.126005
0.122354
0.158192
0.122618
0.130721
0.128998
0.139557
0.150572
0.150608
0.124844
0.183846
0.156763
0.13647
0.156212
0.1649
0.124362
0.134447
0.124723
0.133518
0.182643
0.158908
0.166885
0.130105
0.148351
0.138434
0.143326
0.12918
0.132763
0.134232
0.128987
0.140931
0.120863
0.144203
0.170478
0.127101
0.130964
0.113557
0.156243
0.155383
0.163384
0.161553
0.170909
0.160275
0.103773
0.168907
0.154417
0.153299
0.136434
0.126364
0.149418
0.139987
0.143494
0.154614
0.145716
0.137277
0.166711
0.132636
0.130799
0.172105
0.154762
0.138568
0.129968
0.157719
0.155377
0.15246
0.150973
0.130161
0.137207
0.162423
0.204206
0.14755
0.116504
0.125728
0.104074
0.105175
0.132836
0.11301
0.157507
0.143336
0.132871
0.18448
0.154879
0.133905
0.1267
0.146857
0.131507
0.141777
0.159046
0.141525
0.145437
0.160869
0.126174
0.179395
0.200987
0.161408
0.130358
0.170835
0.1402
0.128199
0.13483
0.126957
0.121772
0.114904
0.141669
0.116572
0.164279
0.181195
0.128917
0.139603
0.132164
0.143093
0.131179
0.132008
0.130663
0.119463
0.132028
0.178421
0.14226
0.145636
0.16278
0.141028
0.121286
0.132828
0.14845
0.14472
0.119061
0.118947
0.134504
0.179178
0.143743
0.122457
0.139647
0.136044
0.15189
0.182514
0.185339
0.140664
0.121185
0.107925
0.169554
0.117423
0.107366
0.132276
0.114261
0.135252
0.148038
0.139011
0.123217
0.154682
0.165809
0.182339
0.143651
0.123395
0.128073
0.151196
0.131088
0.126761
0.127027
0.138312
0.12957
0.124356
0.163763
0.139338
0.120813
0.165125
0.129467
0.114197
0.126406
0.121953
0.121839
0.152722
0.147571
0.148858
0.158573
0.131657
0.1343
0.116212
0.137482
0.135004
0.128117
0.105566
0.135343
0.157412
0.115917
0.131115
0.136893
0.120702
0.163502
0.186855
0.16137
0.130299
0.153104
0.15644
0.172403
0.133758
0.142534
0.111358
0.146077
0.128451
0.136487
0.126743
0.141401
0.134697
0.135645
0.146577
0.128488
0.148048
0.145955
0.117526
0.157571
0.13236
0.133924
0.153792
0.130256
0.118659
0.132865
0.190864
0.140854
0.139541
0.122808
0.142029
0.130726
0.188703
0.176531
0.126725
0.140107
0.141148
0.166673
0.151681
0.156188
0.170031
0.16801
0.129797
0.122203
0.165816
0.165706
0.140782
0.141869
0.141483
0.157966
0.217659
0.185807
0.148751
0.133324
0.130523
0.169155
0.1385
0.189397
0.123541
0.146211
0.154768
0.165759
0.152
0.159471
0.176276
0.156442
0.185729
0.126605
0.130836
0.161163
0.113254
0.145238
0.126213
0.161529
0.156032
0.156234
0.120272
0.156479
0.112744
0.157026
0.135945
0.112937
0.139589
0.111946
0.167787
0.152694
0.138835
0.130978
0.137429
0.122783
0.183988
0.142067
0.171759
0.154479
0.146672
0.140842
0.153947
0.143585
0.14778
0.139716
0.167386
0.130426
0.139212
0.128097
0.15315
0.160497
0.152498
0.160354
0.131756
0.128061
0.151398
0.123681
0.165748
0.137561
0.136341
0.142892
0.143727
0.162854
0.118617
0.13192
0.115614
0.155613
0.139933
0.14287
0.122474
0.155794
0.159129
0.146976
0.124693
0.130422
0.109692
0.131691
0.131918
0.114586
0.177909
0.167442
0.129194
0.154641
0.158808
0.198155
0.189826
0.158546
0.168478
0.152652
0.13984
0.186015
0.180432
0.171273
0.120864
0.198159
0.170987
0.153045
0.135224
0.125201
0.169644
0.136276
0.180609
0.140883
0.127532
0.147647
0.173739
0.197144
0.146325
0.155165
0.13416
0.123352
0.123858
0.134338
0.126689
0.127468
0.158142
0.128955
0.128791
0.131166
0.118682
0.131436
0.136702
0.123835
0.156291
0.147708
0.121997
0.164999
0.152945
0.153665
0.154793
0.169189
0.157048
0.117133
0.157614
0.142143
0.13706
0.147639
0.170982
0.108122
0.12947
0.170122
0.12653
0.12831
0.142381
0.153916
0.139931
0.147085
0.140068
0.161916
0.16555
0.135715
0.141867
0.122222
0.161088
0.14042
0.157739
0.131842
0.14863
0.211929
0.126574
0.126663
0.124811
0.135508
0.121871
0.12452
0.112634
0.147428
0.130445
0.120827
0.142428
0.148052
0.133557
0.125794
0.142529
0.177574
0.162278
0.13039
0.144416
0.119374
0.141146
0.131394
0.171819
0.174661
0.125256
0.126522
0.114568
0.140189
0.134869
0.138159
0.132084
0.123998
0.151809
0.167347
0.163302
0.181406
0.144471
0.150386
0.149135
0.139702
0.115611
0.159299
0.149951
0.124377
0.143528
0.16172
0.15068
0.133414
0.121746
0.122808
0.129721
0.129682
0.13868
0.125654
0.147448
0.142743
0.233167
0.169085
0.166715
0.13296
0.158765
0.120569
0.164908
0.125828
0.181484
0.128716
0.138369
0.165104
0.141566
0.149963
0.161647
0.16773
0.140276
0.12447
0.130776
0.126553
0.134564
0.130712
0.109612
0.133368
0.131144
0.116517
0.143651
0.153485
0.131303
0.127827
0.147658
0.168597
0.153013
0.147986
0.141817
0.115037
0.17814
0.094837
0.11381
0.182237
0.14449
0.134087
0.146589
0.133625
0.115441
0.122243
0.116929
0.118573
0.148077
0.124708
0.139092
0.167851
0.158734
0.169766
0.150081
0.149315
0.127038
0.160702
0.14046
0.126723
0.124225
0.144917
0.159079
0.13506
0.15982
0.138682
0.116236
0.117021
0.142466
0.134242
0.112614
0.133881
0.154266
0.129462
0.13828
0.127136
0.132596
0.121278
0.131882
0.130163
0.15119
0.125396
0.177434
0.158681
0.11633
0.14991
0.116646
0.146728
0.133952
0.138611
0.119444
0.134781
0.12087
0.170092
0.129855
0.127553
0.133235
0.13584
0.148793
0.112755
0.12886
0.166609
0.148335
0.155806
0.155429
0.157389
0.162124
0.15916
0.154921
0.162654
0.202332
0.16008
0.181976
0.205641
0.129793
0.138359
0.124668
0.159903
0.142463
0.141149
0.148597
0.142587
0.15738
0.186866
0.143093
0.154502
0.106213
0.123688
0.17883
0.159915
0.115337
0.149483
0.134656
0.143245
0.156215
0.160641
0.144031
0.147472
0.135067
0.129567
0.166313
0.157119
0.153997
0.132083
0.14604
0.138618
0.127289
0.121078
0.129926
0.127959
0.123393
0.123148
0.138803
0.139353
0.130495
0.12264
0.137422
0.123777
0.151878
0.109745
0.131438
0.108146
0.120761
0.120025
0.146803
0.185611
0.170028
0.178043
0.141537
0.128269
0.12406
0.110798
0.133383
0.143775
0.149977
0.196627
0.15374
0.167959
0.147723
0.15838
0.175413
0.143221
0.147513
0.149297
0.12455
0.152326
0.132309
0.139346
0.16896
0.139197
0.126406
0.144925
0.153289
0.122916
0.103958
0.116315
0.148675
0.132289
0.138042
0.114466
0.127402
0.118432
0.145644
0.142325
0.12369
0.175716
0.14375
0.130634
0.131244
0.130506
0.143799
0.151416
0.137599
0.157595
0.124768
0.121451
0.136905
0.179089
0.134183
0.127009
0.172658
0.120978
0.0871765
0.178342
0.161785
0.144398
0.119672
0.148439
0.12511
0.151248
0.149441
0.227366
0.142279
0.128971
0.168689
0.11302
0.157006
0.140033
0.166681
0.200705
0.152028
0.133154
0.180482
0.125823
0.160645
0.155788
0.142773
0.118356
0.108846
0.152021
0.119854
0.140398
0.139391
0.122924
0.17485
0.140373
0.126886
0.121415
0.146482
0.147171
0.162583
0.164603
0.142041
0.170973
0.159397
0.142674
0.13861
0.13793
0.127813
0.142613
0.1147
0.130721
0.148188
0.147276
0.150236
0.147911
0.116819
0.126447
0.127196
0.159274
0.134664
0.15358
0.137061
0.137669
0.147396
0.127712
0.165308
0.165811
0.14551
0.13451
0.174067
0.145994
0.138162
0.124284
0.132924
0.16934
0.163199
0.167222
0.151367
0.13233
0.134658
0.169062
0.128206
0.137384
0.133256
0.138216
0.151855
0.139226
0.147176
0.165253
0.13382
0.145852
0.160578
0.127237
0.140171
0.127211
0.146434
0.127971
0.126686
0.108429
0.136879
0.128131
0.138259
0.133727
0.125565
0.129914
0.129556
0.133951
0.158464
0.131345
0.159766
0.177967
0.184238
0.125646
0.127977
0.155621
0.162422
0.144449
0.159337
0.147648
0.136452
0.123174
0.143429
0.16112
0.140292
0.130409
0.105646
0.128832
0.148906
0.125647
0.153633
0.157483
0.155827
0.157077
0.213412
0.176796
0.159252
0.137162
0.149461
0.152083
0.13307
0.138389
0.121939
0.151337
0.120661
0.121066
0.132892
0.129703
0.117558
0.115211
0.115396
0.127977
0.124092
0.138234
0.154251
0.152524
0.167702
0.118128
0.136977
0.16419
0.188107
0.179003
0.187698
0.130676
0.127999
0.163702
0.130108
0.181989
0.145271
0.161321
0.175191
0.134077
0.115417
0.168548
0.154463
0.170379
0.135217
0.140031
0.12213
0.114412
0.163096
0.121505
0.143151
0.202646
0.138194
0.168353
0.126808
0.134629
0.129607
0.123048
0.106649
0.129444
0.12681
0.177487
0.1164
0.129962
0.14155
0.149338
0.171409
0.147204
0.120968
0.159358
0.17167
0.155005
0.145859
0.148162
0.147677
0.137657
0.170573
0.178805
0.164367
0.156132
0.157783
0.135768
0.177273
0.135341
0.153576
0.109975
0.132833
0.146804
0.135105
0.120548
0.131835
0.133884
0.153473
0.119725
0.125099
0.12659
0.118984
0.115441
0.143837
0.177562
0.206941
0.161275
0.194874
0.150262
0.183289
0.15421
0.142142
0.108433
0.151143
0.138681
0.202558
0.138252
0.181024
0.167745
0.117763
0.132575
0.119074
0.135559
0.128039
0.149893
0.14127
0.13741
0.147769
0.16658
0.130946
0.127783
0.130876
0.130614
0.14313
0.141577
0.155899
0.157937
0.183682
0.141665
0.139492
0.129865
0.121158
0.161487
0.138098
0.169664
0.130145
0.128618
0.142693
0.123698
0.148681
0.155584
0.128808
0.140355
0.1117
0.134233
0.162544
0.113104
0.121102
0.167629
0.119854
0.156809
0.139879
0.180477
0.125365
0.117922
0.138854
0.175985
0.135657
0.151343
0.166231
0.142411
0.144709
0.132904
0.153631
0.142248
0.191491
0.172209
0.137252
0.121231
0.172535
0.102228
0.121591
0.139223
0.136129
0.116177
0.136584
0.126821
0.108484
0.144182
0.136011
0.131726
0.143772
0.119277
0.150136
0.141366
0.147552
0.179385
0.119718
0.149438
0.154419
0.160098
0.119716
0.149853
0.124818
0.135221
0.12774
0.129787
0.126767
0.139018
0.154993
0.163486
0.149154
0.161819
0.146592
0.111581
0.121738
0.21183
0.146175
0.158151
0.136273
0.145944
0.14672
0.129473
0.107018
0.137742
0.106134
0.111506
0.132715
0.161836
0.136473
0.146735
0.154532
0.14462
0.163049
0.163733
0.154012
0.150413
0.150594
0.137202
0.161069
0.131349
0.128204
0.123871
0.12975
0.146193
0.118947
0.125297
0.144238
0.164062
0.151906
0.125336
0.141137
0.144642
0.171595
0.136874
0.116398
0.125461
0.124023
0.123489
0.126116
0.160467
0.12341
0.140055
0.13758
0.127396
0.124344
0.117301
0.121755
0.100646
0.130865
0.123727
0.144937
0.117673
0.15984
0.159667
0.146858
0.161402
0.161629
0.122774
0.117883
0.149071
0.155573
0.112575
0.155086
0.140866
0.128621
0.129063
0.147509
0.138278
0.125131
0.131539
0.16602
0.135616
0.149085
0.135544
0.128451
0.130725
0.134741
0.130813
0.139423
0.143708
0.138111
0.0921001
0.146356
0.143636
0.149883
0.127014
0.12963
0.162567
0.130469
0.124677
0.116973
0.152709
0.145618
0.117393
0.167738
0.122892
0.129636
0.15576
0.138979
0.136753
0.147045
0.135464
0.130564
0.0943492
0.149085
0.140756
0.113939
0.126177
0.102702
0.121361
0.114798
0.129978
0.154416
0.141092
0.142666
0.135729
0.185069
0.147746
0.134549
0.139899
0.153151
0.164736
0.116624
0.143986
0.133827
0.141481
0.114092
0.142249
0.127713
0.124197
0.156811
0.137696
0.164673
0.118119
0.14327
0.0969797
0.115157
0.115464
0.14519
0.164312
0.120686
0.183118
0.157522
0.127589
0.135026
0.14561
0.168189
0.13538
0.148802
0.146743
0.132233
0.111802
0.115826
0.145431
0.127407
0.110153
0.114146
0.126874
0.105354
0.12707
0.116019
0.122983
0.111503
0.143643
0.111353
0.114615
0.132938
0.174546
0.127382
0.136528
0.139852
0.131603
0.117272
0.161527
0.164399
0.17914
0.163455
0.144218
0.182325
0.148782
0.169511
0.196073
0.166352
0.211979
0.203454
0.118011
0.13051
0.153669
0.123336
0.125792
0.135423
0.127467
0.11819
0.1616
0.152737
0.148558
0.124903
0.139694
0.156896
0.148801
0.115677
0.132809
0.120678
0.149746
0.147721
0.161067
0.158784
0.135985
0.123554
0.132881
0.150642
0.157886
0.149543
0.144373
0.159498
0.157385
0.145198
0.135067
0.138501
0.145222
0.127164
0.133099
0.134668
0.147658
0.14639
0.13798
0.153211
0.127367
0.150536
0.119656
0.150027
0.130433
0.125551
0.137873
0.137735
0.140659
0.153533
0.14096
0.174328
0.132283
0.167182
0.155582
0.140068
0.13507
0.146623
0.136738
0.150251
0.137512
0.18075
0.170368
0.160947
0.169478
0.150731
0.169096
0.159022
0.116854
0.118037
0.111228
0.13736
0.139609
0.162691
0.139833
0.166128
0.117124
0.120149
0.152007
0.18314
0.159912
0.154519
0.145017
0.119554
0.158553
0.179943
0.140246
0.148865
0.145661
0.120032
0.142413
0.110845
0.12299
0.147696
0.129903
0.146882
0.124418
0.149209
0.149162
0.112763
0.156132
0.147578
0.181673
0.15995
0.23139
0.146551
0.174007
0.162927
0.104958
0.125183
0.118161
0.128719
0.156857
0.144669
0.127948
0.123294
0.155592
0.122956
0.147742
0.148738
0.166867
0.122562
0.134922
0.137515
0.133118
0.128424
0.162325
0.118814
0.141932
0.143769
0.123125
0.13558
0.179949
0.130501
0.142748
0.159513
0.112678
0.138637
0.127446
0.158
0.140057
0.151268
0.172655
0.16177
0.175506
0.131235
0.12206
0.111172
0.139705
0.139543
0.121025
0.103652
0.108111
0.129509
0.126126
0.114131
0.149306
0.131611
0.107587
0.181835
0.118741
0.179848
0.157597
0.157996
0.143503
0.15317
0.118645
0.128008
0.125607
0.137903
0.106934
0.131204
0.121036
0.105181
0.134185
0.136014
0.146316
0.130372
0.141988
0.152568
0.187432
0.135711
0.154273
0.154106
0.189531
0.147546
0.141823
0.146622
0.137803
0.159113
0.121708
0.118532
0.12573
0.145084
0.135677
0.144204
0.1433
0.12211
0.14984
0.17582
0.170108
0.162123
0.132839
0.123843
0.130173
0.148815
0.129532
0.202504
0.158132
0.11992
0.128211
0.126571
0.110267
0.124054
0.136673
0.119539
0.156061
0.121122
0.127694
0.135738
0.138682
0.150498
0.121526
0.117331
0.117238
0.131708
0.131656
0.153439
0.15117
0.125652
0.133533
0.131898
0.145984
0.129745
0.130319
0.145065
0.136572
0.137953
0.11857
0.130597
0.155241
0.120571
0.135421
0.181496
0.163791
0.171387
0.114421
0.128949
0.170059
0.185244
0.157693
0.165892
0.127591
0.134963
0.145358
0.128195
0.127024
0.103395
0.151044
0.161755
0.166991
0.117536
0.114913
0.138989
0.13012
0.114889
0.136899
0.171499
0.149566
0.126161
0.140838
0.154423
0.162219
0.123335
0.120642
0.191067
0.154756
0.142163
0.142373
0.147111
0.141913
0.163063
0.123341
0.116664
0.130988
0.187519
0.165507
0.136419
0.12547
0.132653
0.130755
0.179313
0.202891
0.162608
0.130282
0.128966
0.139747
0.126621
0.153331
0.160873
0.12403
0.132003
0.149095
0.159183
0.130727
0.131978
0.123803
0.117879
0.159409
0.0993238
0.113758
0.0986166
0.21292
0.177289
0.138257
0.117273
0.137359
0.125259
0.167362
0.179087
0.169031
0.155373
0.161357
0.133953
0.168132
0.13711
0.108463
0.126624
0.139859
0.114014
0.142398
0.132943
0.147614
0.186032
0.170344
0.151415
0.171934
0.150303
0.156725
0.129042
0.135478
0.163303
0.161149
0.126931
0.145631
0.151557
0.1859
0.170453
0.17886
0.129938
0.173088
0.155123
0.133121
0.124395
0.123284
0.137599
0.127461
0.149401
0.152665
0.129437
0.143875
0.155604
0.144548
0.162219
0.164909
0.111206
0.13893
0.1674
0.170345
0.216402
0.146586
0.120051
0.123975
0.147562
0.147681
0.1123
0.126806
0.13243
0.139865
0.144493
0.164695
0.180303
0.203643
0.144301
0.137738
0.127659
0.128859
0.119902
0.143464
0.127505
0.153827
0.165513
0.159519
0.159757
0.148049
0.111821
0.144452
0.126494
0.166594
0.120367
0.134648
0.131524
0.139951
0.120425
0.180297
0.177793
0.174024
0.137448
0.116694
0.107363
0.171799
0.122359
0.120371
0.109042
0.115226
0.149264
0.152107
0.0922686
0.157715
0.137992
0.15771
0.140562
0.123817
0.138163
0.143974
0.148783
0.125481
0.162168
0.13842
0.134278
0.119136
0.153874
0.128082
0.126148
0.13305
0.1718
0.146379
0.17297
0.155569
0.120175
0.158635
0.150338
0.11712
0.148405
0.131942
0.168726
0.11874
0.137858
0.119091
0.127444
0.156547
0.128773
0.158346
0.174946
0.147001
0.153622
0.125354
0.112618
0.122782
0.119791
0.158782
0.119877
0.143111
0.151625
0.170944
0.157024
0.125012
0.118044
0.150792
0.134132
0.139385
0.139917
0.119896
0.133851
0.140992
0.119524
0.127491
0.117331
0.150205
0.151062
0.150116
0.158459
0.137965
0.147706
0.166729
0.141577
0.184776
0.141836
0.150342
0.145307
0.158716
0.170442
0.152743
0.178939
0.133599
0.162707
0.152667
0.142385
0.131701
0.116751
0.127954
0.119057
0.162051
0.156329
0.126565
0.157744
0.129487
0.118276
0.115616
0.113085
0.149846
0.122745
0.156723
0.136099
0.117787
0.125572
0.150855
0.149755
0.155737
0.131681
0.175539
0.160666
0.127685
0.13899
0.115377
0.117732
0.141023
0.116321
0.133745
0.12392
0.129521
0.130608
0.125508
0.148264
0.16267
0.161054
0.13225
0.149723
0.136641
0.153908
0.136025
0.153722
0.202347
0.147347
0.116099
0.165816
0.134275
0.123222
0.13508
0.123771
0.115938
0.169959
0.153513
0.149557
0.167854
0.110765
0.134467
0.109149
0.159555
0.164895
0.162884
0.11736
0.146541
0.140139
0.123667
0.157984
0.135384
0.125261
0.136746
0.149661
0.144943
0.118055
0.154347
0.114593
0.139446
0.126862
0.123018
0.154443
0.114141
0.145705
0.14499
0.13044
0.146859
0.126553
0.110342
0.151349
0.13169
0.105283
0.116001
0.186743
0.123602
0.146609
0.129949
0.112849
0.122929
0.136077
0.131279
0.13647
0.141159
0.115829
0.144535
0.160468
0.145281
0.117345
0.124993
0.136338
0.123773
0.117771
0.121489
0.144672
0.152523
0.171468
0.167052
0.169457
0.138537
0.171214
0.142277
0.138891
0.138822
0.132786
0.113894
0.126637
0.128186
0.139386
0.144015
0.171866
0.170711
0.149754
0.147383
0.174445
0.134327
0.159448
0.138581
0.0957677
0.122182
0.175891
0.136332
0.132758
0.152576
0.117817
0.122264
0.129255
0.1509
0.137399
0.147591
0.142024
0.138541
0.113494
0.148135
0.160031
0.149984
0.122096
0.121192
0.116593
0.118801
0.147358
0.163658
0.170525
0.167772
0.147517
0.115805
0.136
0.126603
0.134731
0.125692
0.113497
0.110302
0.0945025
0.12068
0.128911
0.123905
0.116198
0.127738
0.113204
0.149992
0.146693
0.168247
0.126402
0.139918
0.123224
0.121263
0.162474
0.112257
0.138697
0.127201
0.120773
0.139079
0.16806
0.193994
0.160072
0.139943
0.132055
0.123192
0.137209
0.138885
0.139108
0.14061
0.131493
0.137753
0.136028
0.14647
0.140444
0.117453
0.129274
0.11317
0.117928
0.133637
0.130153
0.130339
0.136664
0.147771
0.143244
0.163601
0.163605
0.193163
0.135571
0.137224
0.159289
0.123954
0.123816
0.141443
0.161643
0.126842
0.125182
0.123809
0.155352
0.146632
0.13761
0.139396
0.135279
0.114595
0.158697
0.149737
0.138538
0.14231
0.168251
0.142591
0.143163
0.146564
0.155752
0.121334
0.122434
0.110277
0.109225
0.134082
0.122405
0.142904
0.144446
0.131298
0.149675
0.155335
0.153906
0.113313
0.115051
0.119747
0.174842
0.141457
0.16506
0.125824
0.125439
0.156025
0.122288
0.149043
0.160672
0.137048
0.148339
0.118192
0.147663
0.116964
0.157391
0.122445
0.1287
0.116871
0.107696
0.135827
0.155302
0.119736
0.136928
0.149681
0.153078
0.147517
0.128315
0.114041
0.16933
0.121653
0.185857
0.17639
0.146122
0.167334
0.131677
0.154616
0.137424
0.121423
0.132614
0.147584
0.191688
0.12507
0.131962
0.126831
0.15778
0.144366
0.154723
0.143857
0.15259
0.149134
0.134828
0.105618
0.131638
0.146192
0.129434
0.145772
0.125125
0.117879
0.125096
0.129799
0.163024
0.162631
0.134646
0.129647
0.106426
0.115015
0.128574
0.114719
0.157569
0.155803
0.169597
0.126833
0.171559
0.143803
0.141813
0.133707
0.144065
0.142949
0.130025
0.149515
0.1425
0.126516
0.140235
0.159766
0.122122
0.144385
0.147598
0.129311
0.111842
0.156599
0.126892
0.148421
0.150411
0.169652
0.161432
0.176545
0.171598
0.191613
0.134641
0.164896
0.166629
0.139414
0.120262
0.12032
0.137907
0.142179
0.138825
0.150081
0.17191
0.118065
0.156478
0.155127
0.201043
0.167726
0.144109
0.162253
0.160398
0.199406
0.14351
0.139856
0.129887
0.154138
0.126768
0.150871
0.165413
0.133552
0.135871
0.100946
0.125807
0.126829
0.19599
0.160484
0.195905
0.173391
0.116341
0.157993
0.180852
0.137091
0.121449
0.173669
0.150421
0.154122
0.148841
0.14448
0.128376
0.131796
0.158136
0.130631
0.127976
0.127376
0.144733
0.121851
0.145052
0.166385
0.125374
0.126148
0.131475
0.132
0.165273
0.169725
0.132186
0.191809
0.13973
0.14039
0.15421
0.141634
0.120313
0.134034
0.14202
0.14113
0.173225
0.132134
0.139957
0.111596
0.137344
0.114827
0.125045
0.137737
0.112704
0.117098
0.147821
0.145559
0.105461
0.138337
0.138839
0.116151
0.151793
0.155934
0.143459
0.121556
0.171551
0.142479
0.146226
0.123752
0.119093
0.108185
0.121559
0.11935
0.172555
0.158196
0.186337
0.141552
0.150031
0.143141
0.179924
0.154646
0.141995
0.138193
0.146755
0.139266
0.137713
0.147736
0.105333
0.150033
0.153313
0.176812
0.138475
0.123123
0.136119
0.127725
0.146907
0.15412
0.124434
0.129639
0.131779
0.121338
0.133206
0.118366
0.154748
0.16173
0.125833
0.16086
0.16852
0.204326
0.145666
0.150748
0.108089
0.135143
0.147223
0.115385
0.144504
0.150342
0.120771
0.128164
0.137951
0.122196
0.146446
0.107912
0.123145
0.111647
0.153387
0.145667
0.163588
0.170766
0.16205
0.148157
0.126984
0.129912
0.152483
0.143179
0.12032
0.158489
0.127176
0.140591
0.135271
0.120481
0.156028
0.166541
0.122251
0.146613
0.141837
0.160646
0.146515
0.158291
0.152544
0.166083
0.16724
0.123178
0.164069
0.114005
0.132009
0.159713
0.123387
0.116429
0.154605
0.143041
0.168722
0.113246
0.132814
0.113089
0.143406
0.138561
0.126883
0.108607
0.124742
0.125248
0.127462
0.132903
0.152618
0.187072
0.192359
0.150564
0.130583
0.141963
0.134295
0.14397
0.135977
0.138283
0.130073
0.118949
0.148445
0.130166
0.117567
0.11785
0.127481
0.144951
0.136773
0.139915
0.151529
0.1471
0.166777
0.139519
0.109788
0.129661
0.166585
0.196063
0.144251
0.148642
0.137757
0.14296
0.116141
0.157369
0.158326
0.175446
0.133178
0.144826
0.178356
0.118748
0.137096
0.144972
0.158534
0.121725
0.145867
0.15372
0.140859
0.14492
0.138057
0.129624
0.110474
0.110307
0.141332
0.154738
0.114816
0.12455
0.126352
0.157504
0.141403
0.133746
0.150514
0.129571
0.181587
0.140072
0.133849
0.123571
0.142213
0.139703
0.188285
0.160609
0.138449
0.169117
0.141501
0.155043
0.155165
0.177216
0.131811
0.165493
0.121943
0.158056
0.143541
0.156919
0.126926
0.145522
0.158951
0.185285
0.189531
0.173856
0.160981
0.135154
0.135596
0.152296
0.140824
0.1367
0.137761
0.129242
0.120245
0.144136
0.15553
0.128031
0.134217
0.154267
0.124752
0.150307
0.131197
0.137882
0.148213
0.169715
0.170291
0.162411
0.157542
0.169565
0.15244
0.163829
0.151697
0.174404
0.181162
0.129699
0.118239
0.154509
0.120989
0.15686
0.150415
0.149255
0.162091
0.156976
0.122987
0.135524
0.164874
0.135521
0.122269
0.150314
0.153445
0.136289
0.147883
0.107383
0.144501
0.162327
0.123375
0.129021
0.130025
0.135162
0.14671
0.126074
0.128231
0.120756
0.138436
0.143424
0.122549
0.148773
0.133043
0.148588
0.137636
0.112592
0.125776
0.145391
0.129458
0.129689
0.126191
0.149628
0.133844
0.169973
0.150483
0.122168
0.136479
0.159876
0.117953
0.167978
0.129891
0.184623
0.140088
0.133009
0.131501
0.125047
0.152193
0.163631
0.173166
0.141231
0.121942
0.131102
0.110257
0.124459
0.113401
0.157916
0.15253
0.12316
0.166856
0.158657
0.150297
0.125035
0.157562
0.127778
0.185336
0.168715
0.143429
0.130653
0.106694
0.152616
0.138318
0.143607
0.129835
0.109916
0.125603
0.13816
0.12357
0.117194
0.127348
0.158568
0.136244
0.141872
0.136502
0.138577
0.129143
0.137073
0.139162
0.12784
0.126739
0.133284
0.131311
0.161796
0.156033
0.139946
0.138278
0.187142
0.205075
0.154189
0.120415
0.173563
0.140429
0.142357
0.141339
0.167196
0.135435
0.167495
0.151882
0.150591
0.133472
0.144957
0.138278
0.127336
0.121796
0.137023
0.145534
0.141287
0.158653
0.117765
0.143534
0.121213
0.167202
0.134616
0.112305
0.125076
0.12636
0.109249
0.135677
0.128809
0.168732
0.145944
0.157526
0.142509
0.101236
0.143243
0.161549
0.143553
0.145033
0.159114
0.133026
0.16033
0.157501
0.140067
0.153738
0.13492
0.15369
0.147262
0.136932
0.145769
0.118973
0.152318
0.151555
0.150303
0.166728
0.135558
0.13282
0.135723
0.119939
0.14475
0.134845
0.164661
0.123046
0.124005
0.143507
0.162995
0.131966
0.127446
0.118735
0.130351
0.168484
0.15113
0.118883
0.14015
0.124335
0.125282
0.110157
0.123223
0.120476
0.151208
0.132871
0.118064
0.149696
0.157069
0.130739
0.138644
0.124164
0.133212
0.117032
0.131742
0.126935
0.131821
0.146719
0.126254
0.126622
0.133287
0.120831
0.13071
0.130388
0.113751
0.136541
0.156544
0.121344
0.129437
0.143343
0.156965
0.13577
0.159701
0.159841
0.146846
0.138146
0.17762
0.121573
0.135027
0.125942
0.119707
0.118098
0.13
0.14433
0.133249
0.136364
0.117578
0.149555
0.133898
0.12638
0.138617
0.153715
0.119829
0.149859
0.154783
0.105341
0.123174
0.154647
0.154135
0.103127
0.110109
0.153705
0.119797
0.127064
0.11703
0.137475
0.149003
0.149959
0.12816
0.128209
0.113644
0.126084
0.142655
0.156552
0.107788
0.143109
0.148956
0.160096
0.140066
0.129034
0.140117
0.173661
0.15177
0.144545
0.12343
0.128999
0.164349
0.132273
0.156372
0.138805
0.195319
0.147531
0.146421
0.131864
0.137759
0.147129
0.138377
0.126159
0.153489
0.120645
0.163308
0.147272
0.122525
0.129569
0.104106
0.13832
0.12381
0.136946
0.141791
0.131743
0.156472
0.15293
0.130489
0.142541
0.127716
0.125332
0.166645
0.191126
0.112095
0.133933
0.134292
0.159019
0.133708
0.122176
0.111715
0.109716
0.148844
0.120744
0.130961
0.132546
0.146534
0.137456
0.135968
0.152104
0.128845
0.147801
0.130431
0.118573
0.160742
0.116848
0.109985
0.206112
0.151699
0.15276
0.131471
0.119842
0.134255
0.150069
0.152346
0.145658
0.145002
0.121559
0.119021
0.151787
0.137525
0.136726
0.129409
0.127428
0.12959
0.115157
0.145492
0.155137
0.152882
0.131092
0.130896
0.107893
0.137528
0.129808
0.123191
0.109283
0.167811
0.118391
0.131977
0.191992
0.122504
0.166815
0.160025
0.20982
0.140558
0.173284
0.127289
0.148892
0.155552
0.127579
0.134614
0.147038
0.138581
0.121281
0.139561
0.136375
0.169796
0.128486
0.121327
0.145859
0.152771
0.128971
0.13073
0.157783
0.136208
0.112686
0.101159
0.140194
0.157463
0.137392
0.127401
0.136107
0.128841
0.132967
0.126619
0.11829
0.11802
0.14295
0.182851
0.172775
0.229497
0.176711
0.123472
0.163437
0.155594
0.123638
0.149396
0.161412
0.156931
0.139255
0.174743
0.135037
0.142841
0.128756
0.108544
0.118163
0.124313
0.130795
0.126341
0.138921
0.166056
0.145821
0.15241
0.166924
0.183275
0.157644
0.180458
0.145043
0.127753
0.129807
0.140311
0.129687
0.129486
0.136519
0.142742
0.124589
0.140145
0.152632
0.130043
0.128875
0.150085
0.126934
0.144118
0.18575
0.148723
0.152758
0.104065
0.166009
0.125577
0.1712
0.152711
0.173923
0.151797
0.131663
0.201371
0.12799
0.124145
0.159848
0.142658
0.141008
0.125155
0.118397
0.128925
0.157507
0.15582
0.142376
0.148297
0.14407
0.108554
0.134224
0.146934
0.146001
0.0970998
0.115617
0.109409
0.136581
0.126235
0.105724
0.122458
0.160378
0.133258
0.139038
0.140441
0.125367
0.126115
0.137769
0.159083
0.167725
0.1551
0.156078
0.136225
0.118987
0.143128
0.135951
0.110525
0.138669
0.13224
0.141182
0.138658
0.135129
0.146439
0.154481
0.116572
0.117693
0.129772
0.141741
0.137949
0.115948
0.128308
0.137167
0.158681
0.141555
0.155135
0.127407
0.14558
0.13344
0.131488
0.122506
0.128792
0.119224
0.123376
0.123096
0.144316
0.170196
0.161368
0.14994
0.121935
0.134993
0.186529
0.14064
0.107927
0.204192
0.195125
0.113119
0.134087
0.141976
0.132892
0.16889
0.13458
0.140389
0.180349
0.160808
0.160946
0.129069
0.131542
0.134031
0.171494
0.196386
0.196183
0.165452
0.11435
0.134755
0.174015
0.16043
0.172592
0.151762
0.162213
0.109545
0.142903
0.145949
0.120766
0.117196
0.143354
0.228568
0.135335
0.12066
0.123183
0.144306
0.133681
0.150412
0.166613
0.12936
0.149816
0.13104
0.108984
0.120922
0.109763
0.130963
0.136175
0.134721
0.129972
0.161291
0.149637
0.147098
0.172691
0.118956
0.106385
0.132201
0.143404
0.145863
0.125307
0.14537
0.14296
0.181027
0.167479
0.186869
0.154729
0.170059
0.154266
0.118476
0.144396
0.137521
0.119191
0.115376
0.192655
0.174353
0.205357
0.131387
0.140208
0.131109
0.152051
0.123531
0.162288
0.146474
0.159835
0.165311
0.152305
0.195744
0.142073
0.137441
0.162216
0.146641
0.189102
0.163616
0.162278
0.145485
0.126406
0.154388
0.141593
0.151123
0.144768
0.179728
0.170371
0.115915
0.152645
0.132172
0.106444
0.153602
0.1216
0.167165
0.133352
0.140269
0.123701
0.165767
0.142456
0.125662
0.121755
0.114181
0.149935
0.161125
0.131265
0.122478
0.144043
0.148824
0.154221
0.152945
0.123481
0.119969
0.107526
0.1284
0.151369
0.19182
0.197663
0.162673
0.140364
0.127397
0.113729
0.145107
0.167742
0.146243
0.177822
0.136018
0.130724
0.13128
0.149868
0.106801
0.120527
0.162115
0.145063
0.159951
0.149439
0.139311
0.138561
0.12817
0.119901
0.134855
0.125946
0.127957
0.145438
0.121698
0.127002
0.148154
0.119831
0.137202
0.134659
0.155929
0.124319
0.121537
0.163677
0.119938
0.166434
0.168139
0.135294
0.200598
0.133715
0.132741
0.11812
0.131156
0.135525
0.129925
0.142879
0.101623
0.140704
0.146503
0.129885
0.147675
0.134826
0.119359
0.154449
0.145572
0.160213
0.138737
0.115852
0.145018
0.141214
0.146926
0.121034
0.13205
0.159915
0.121831
0.170603
0.140212
0.144205
0.17465
0.142401
0.118352
0.144733
0.125344
0.128724
0.153359
0.113672
0.117145
0.129608
0.121396
0.114601
0.141325
0.114885
0.150957
0.124911
0.113774
0.134361
0.139884
0.102519
0.163788
0.120026
0.158018
0.133796
0.117525
0.157284
0.155004
0.138633
0.142453
0.149869
0.121446
0.129986
0.141987
0.142762
0.157963
0.140644
0.142467
0.149666
0.129966
0.147594
0.120307
0.106115
0.120813
0.174654
0.119075
0.13892
0.155725
0.166866
0.125879
0.147629
0.160519
0.129845
0.140099
0.120687
0.110613
0.146727
0.117205
0.130719
0.14377
0.126809
0.15427
0.182427
0.129193
0.130109
0.135286
0.165499
0.160658
0.139755
0.1423
0.136796
0.132079
0.152789
0.123348
0.133932
0.115501
0.138395
0.129044
0.105833
0.121245
0.123525
0.145417
0.118858
0.1295
0.1411
0.142349
0.137493
0.152079
0.185194
0.153693
0.113809
0.139842
0.150006
0.138399
0.118578
0.166247
0.180034
0.157782
0.187167
0.164236
0.141538
0.125484
0.119338
0.136358
0.123742
0.114807
0.130855
0.148033
0.153374
0.196538
0.141546
0.123659
0.125884
0.159932
0.134254
0.155628
0.14384
0.142525
0.157605
0.125834
0.117254
0.123368
0.136717
0.150797
0.14725
0.123854
0.119241
0.150294
0.128162
0.143531
0.155528
0.134729
0.144115
0.116706
0.143709
0.160617
0.162365
0.124621
0.108073
0.109079
0.125396
0.12679
0.121479
0.137932
0.152651
0.13852
0.121797
0.151345
0.113073
0.137803
0.134829
0.152636
0.137132
0.129947
0.113236
0.12897
0.150564
0.134985
0.131937
0.123172
0.136558
0.15577
0.157095
0.165126
0.137464
0.109425
0.161212
0.166279
0.148673
0.127377
0.117188
0.121813
0.142269
0.137243
0.145201
0.148372
0.14149
0.147929
0.125536
0.159338
0.116519
0.121201
0.137905
0.152427
0.122234
0.167716
0.178158
0.136845
0.197549
0.159479
0.120892
0.133452
0.150481
0.129859
0.169611
0.141903
0.128025
0.16516
0.153688
0.147419
0.128369
0.12916
0.13674
0.126053
0.141686
0.152398
0.186188
0.165924
0.172307
0.125796
0.156668
0.15467
0.165165
0.148448
0.113521
0.138511
0.177345
0.133965
0.138225
0.162378
0.191833
0.136645
0.131541
0.139292
0.152328
0.138677
0.152324
0.145204
0.127978
0.126043
0.136232
0.109684
0.174647
0.122345
0.148191
0.141778
0.1371
0.138804
0.125778
0.118002
0.141284
0.124069
0.131559
0.158752
0.132698
0.153093
0.11376
0.126716
0.130082
0.146429
0.11192
0.155936
0.140643
0.181614
0.164769
0.144311
0.15957
0.150107
0.153409
0.170915
0.143237
0.150114
0.144364
0.124957
0.164323
0.148615
0.156918
0.12453
0.145848
0.127915
0.156968
0.154381
0.167818
0.140271
0.129181
0.136309
0.130813
0.148796
0.13161
0.11342
0.13751
0.145717
0.126677
0.118658
0.146926
0.129841
0.127021
0.121355
0.164086
0.151867
0.121281
0.151471
0.129672
0.120073
0.133237
0.12753
0.132173
0.15617
0.155405
0.139887
0.157391
0.134084
0.130412
0.174642
0.158527
0.132729
0.160585
0.141039
0.114086
0.163993
0.137827
0.155998
0.135087
0.121884
0.135985
0.146119
0.117868
0.138878
0.110243
0.154556
0.127068
0.155545
0.141551
0.163608
0.154046
0.146689
0.208302
0.143944
0.148963
0.152445
0.147464
0.118708
0.110781
0.150948
0.146755
0.150205
0.127525
0.133016
0.123568
0.129333
0.146964
0.169091
0.166416
0.138578
0.153176
0.1943
0.135317
0.14686
0.166872
0.131836
0.16749
0.144349
0.138701
0.138445
0.156166
0.147441
0.131639
0.138844
0.136963
0.154342
0.121485
0.129569
0.11008
0.119588
0.133873
0.13147
0.122879
0.138716
0.151631
0.141004
0.133835
0.181508
0.171428
0.156166
0.175841
0.137564
0.159668
0.148244
0.125308
0.113844
0.136485
0.14059
0.176376
0.115602
0.147832
0.191676
0.13926
0.152308
0.149859
0.147141
0.124161
0.11631
0.137843
0.162139
0.114151
0.143974
0.113089
0.138385
0.13292
0.138912
0.106404
0.139774
0.148892
0.138595
0.136601
0.131198
0.129136
0.12961
0.142361
0.117342
0.124367
0.152277
0.163851
0.158638
0.141581
0.152261
0.159016
0.136889
0.13198
0.148762
0.130553
0.161918
0.144032
0.126955
0.140321
0.156098
0.128792
0.129042
0.140856
0.139877
0.124962
0.12624
0.162258
0.120214
0.107942
0.129559
0.12175
0.12838
0.145347
0.155327
0.128917
0.134161
0.129433
0.149848
0.127787
0.13641
0.122878
0.134105
0.130736
0.145622
0.151333
0.183581
0.1617
0.144288
0.126538
0.148456
0.135653
0.189376
0.122925
0.146469
0.125659
0.151387
0.132343
0.123711
0.15413
0.149745
0.13348
0.119581
0.135818
0.119591
0.145741
0.136122
0.119255
0.157713
0.15567
0.163425
0.13524
0.133451
0.146557
0.156457
0.138119
0.1388
0.164524
0.133142
0.121142
0.11738
0.147157
0.137346
0.15304
0.157708
0.137401
0.126388
0.117186
0.128269
0.130796
0.127085
0.165187
0.150759
0.125758
0.123101
0.117358
0.176309
0.121549
0.184747
0.124252
0.13609
0.171715
0.14546
0.144094
0.151596
0.15531
0.139634
0.120272
0.128058
0.137791
0.150512
0.118946
0.138369
0.155734
0.127953
0.151927
0.144803
0.131882
0.128594
0.15099
0.162284
0.164855
0.154132
0.129967
0.127046
0.141387
0.137777
0.145234
0.162047
0.169892
0.117632
0.126331
0.118416
0.148338
0.13263
0.125023
0.137639
0.160504
0.154024
0.147901
0.122214
0.169346
0.131933
0.134109
0.154734
0.239092
0.137698
0.163985
0.163933
0.148811
0.165111
0.129551
0.158029
0.146811
0.187644
0.131498
0.160518
0.115707
0.14242
0.136884
0.17919
0.133375
0.134678
0.130292
0.165808
0.128457
0.134827
0.139492
0.146154
0.124595
0.135155
0.132191
0.124913
0.116562
0.150922
0.183738
0.14105
0.127776
0.131674
0.120822
0.122452
0.172289
0.161688
0.149969
0.137077
0.116527
0.120853
0.120124
0.139668
0.131874
0.13782
0.127616
0.118625
0.154354
0.139561
0.16004
0.147446
0.143604
0.130011
0.118348
0.131466
0.112644
0.12875
0.186315
0.137957
0.138698
0.115273
0.129768
0.10991
0.108025
0.115768
0.161617
0.167875
0.148057
0.162868
0.15587
0.150341
0.115091
0.136005
0.144392
0.149803
0.174413
0.15175
0.148901
0.160156
0.15405
0.151528
0.157392
0.158673
0.112722
0.142121
0.130487
0.127901
0.126065
0.144879
0.128933
0.145224
0.11969
0.130274
0.106554
0.128931
0.141376
0.137794
0.131105
0.131658
0.126307
0.140709
0.143652
0.116432
0.127301
0.165338
0.13385
0.153599
0.169948
0.131651
0.139054
0.155721
0.137849
0.145424
0.170253
0.223373
0.197207
0.121945
0.117159
0.13994
0.173894
0.161332
0.156609
0.167741
0.164948
0.155263
0.147633
0.19722
0.128357
0.115235
0.11393
0.118054
0.15393
0.14154
0.125043
0.13567
0.127482
0.130955
0.152821
0.127082
0.187
0.151196
0.153488
0.135115
0.140721
0.118345
0.120002
0.139563
0.150201
0.151996
0.185417
0.182134
0.178284
0.173735
0.180946
0.184512
0.157663
0.161681
0.138277
0.132068
0.144348
0.155691
0.126065
0.136128
0.127643
0.112712
0.127624
0.146022
0.119381
0.11517
0.121877
0.147195
0.140762
0.134188
0.117454
0.0989996
0.142985
0.217821
0.114079
0.154959
0.125387
0.133608
0.138144
0.139825
0.112607
0.125692
0.127711
0.125014
0.151851
0.130638
0.138018
0.11671
0.135157
0.142678
0.156695
0.17862
0.142128
0.178177
0.16868
0.148061
0.19278
0.141433
0.139521
0.154821
0.151196
0.113661
0.114463
0.152167
0.118117
0.166084
0.135565
0.131171
0.160549
0.132744
0.128784
0.142773
0.152492
0.170362
0.122425
0.1457
0.158912
0.155372
0.154425
0.122116
0.179033
0.138904
0.139935
0.142086
0.143626
0.138395
0.146815
0.14569
0.163233
0.15396
0.138606
0.163181
0.130995
0.186697
0.143549
0.142873
0.157631
0.130809
0.123679
0.14311
0.13785
0.127595
0.135382
0.189401
0.14482
0.121245
0.13001
0.134411
0.120942
0.118163
0.138513
0.141674
0.133797
0.134373
0.133746
0.156105
0.199213
0.189344
0.134867
0.132346
0.148163
0.15249
0.119721
0.143927
0.141036
0.114839
0.134419
0.0962498
0.126958
0.145665
0.183584
0.166244
0.115723
0.120327
0.130584
0.145792
0.122302
0.201854
0.130197
0.124812
0.101662
0.12137
0.120975
0.17142
0.130628
0.169216
0.119739
0.127837
0.107763
0.166666
0.193969
0.138469
0.121688
0.116502
0.125774
0.123187
0.144206
0.117258
0.101222
0.133309
0.141396
0.132752
0.157046
0.122756
0.112785
0.156129
0.128256
0.1472
0.118538
0.135941
0.159077
0.123896
0.126827
0.136276
0.137779
0.114986
0.143836
0.144212
0.11104
0.105897
0.132761
0.154089
0.129199
0.162986
0.144257
0.131191
0.158628
0.150054
0.131294
0.157003
0.143434
0.128709
0.172915
0.121177
0.171402
0.122422
0.139388
0.17216
0.156682
0.114216
0.113292
0.187603
0.114931
0.156268
0.13521
0.122633
0.120064
0.137754
0.149199
0.145325
0.150895
0.110408
0.1356
0.144115
0.147703
0.166743
0.154076
0.131781
0.17623
0.134699
0.139707
0.134534
0.135279
0.141628
0.124892
0.154594
0.141142
0.147731
0.162884
0.126143
0.133659
0.141193
0.140527
0.153678
0.160422
0.144306
0.130493
0.107155
0.179575
0.193249
0.147687
0.157604
0.148705
0.149505
0.185391
0.174464
0.126117
0.140625
0.132393
0.164171
0.138119
0.142717
0.105999
0.146292
0.115531
0.112388
0.143166
0.137874
0.182319
0.150635
0.143473
0.133999
0.151181
0.122886
0.1307
0.131138
0.135626
0.169738
0.140917
0.189765
0.126784
0.14813
0.171334
0.14186
0.177421
0.160199
0.123419
0.213786
0.157823
0.143362
0.13383
0.142347
0.14926
0.121023
0.139622
0.129188
0.153387
0.149315
0.132056
0.136743
0.164368
0.160649
0.161079
0.134792
0.132994
0.160931
0.12136
0.102873
0.105776
0.13142
0.153137
0.141579
0.148829
0.149706
0.148281
0.16661
0.13425
0.154508
0.123237
0.169544
0.127521
0.108129
0.143142
0.110387
0.147824
0.164193
0.128661
0.126359
0.110236
0.139899
0.136582
0.164526
0.160368
0.140705
0.14516
0.163937
0.157901
0.154895
0.177263
0.175759
0.126481
0.139823
0.121807
0.154887
0.164486
0.128877
0.151232
0.123531
0.171002
0.140683
0.118249
0.132591
0.149784
0.190072
0.147626
0.128515
0.148465
0.142815
0.138435
0.121499
0.123879
0.105313
0.144481
0.127364
0.152575
0.181276
0.135847
0.158093
0.141104
0.132665
0.137897
0.140906
0.135061
0.119124
0.114558
0.116363
0.10349
0.120169
0.113595
0.136619
0.146926
0.156164
0.122732
0.149388
0.130205
0.126453
0.105739
0.134776
0.114218
0.119462
0.119194
0.147272
0.127191
0.12956
0.160333
0.150235
0.166229
0.133465
0.147699
0.13819
0.168597
0.116486
0.130157
0.129008
0.147311
0.119547
0.133244
0.157337
0.117907
0.128303
0.1513
0.130279
0.135676
0.114463
0.126884
0.173409
0.143317
0.124888
0.14176
0.132564
0.135515
0.187136
0.120122
0.105423
0.139664
0.125341
0.159455
0.155901
0.138329
0.123591
0.125533
0.141329
0.150222
0.130273
0.18732
0.157754
0.146935
0.160697
0.147064
0.177762
0.177065
0.162723
0.164261
0.120268
0.150419
0.150889
0.178013
0.138324
0.139282
0.121882
0.157717
0.120488
0.101997
0.120562
0.104305
0.122039
0.132586
0.144511
0.159014
0.155259
0.133167
0.123366
0.12167
0.152165
0.148869
0.128124
0.138469
0.149131
0.137091
0.135425
0.130349
0.109522
0.159791
0.148617
0.148171
0.124033
0.112099
0.128139
0.133835
0.13731
0.115655
0.136926
0.142645
0.159044
0.125964
0.169764
0.130562
0.123468
0.151512
0.137554
0.141538
0.136858
0.124386
0.130873
0.11484
0.132345
0.120717
0.166339
0.152572
0.132419
0.119749
0.126796
0.138049
0.144106
0.155379
0.169164
0.165768
0.1912
0.190455
0.144458
0.146972
0.135676
0.149733
0.150069
0.146642
0.154139
0.137957
0.139751
0.191104
0.146458
0.133626
0.17793
0.162794
0.165846
0.148271
0.132532
0.129027
0.133487
0.153316
0.145952
0.104993
0.1214
0.130791
0.112255
0.165144
0.149572
0.135206
0.133303
0.136436
0.145537
0.128205
0.126642
0.114902
0.132666
0.14558
0.140572
0.141827
0.142747
0.110311
0.12727
0.153273
0.191571
0.157729
0.12619
0.178942
0.119172
0.129893
0.150399
0.161471
0.121655
0.150296
0.126032
0.149588
0.141527
0.131539
0.166699
0.155643
0.149779
0.136262
0.146978
0.1696
0.145732
0.136649
0.11342
0.155384
0.150711
0.157213
0.165366
0.149365
0.10971
0.122575
0.136644
0.12185
0.137377
0.145993
0.135883
0.155882
0.136207
0.133483
0.135598
0.131405
0.125901
0.148936
0.160967
0.124527
0.124207
0.152404
0.148439
0.135212
0.127789
0.125827
0.134058
0.13657
0.162356
0.150382
0.150285
0.142934
0.165188
0.161112
0.130252
0.134884
0.152281
0.127233
0.131848
0.101481
0.118661
0.124704
0.128679
0.133879
0.163469
0.171714
0.146912
0.131613
0.160457
0.20646
0.169008
0.113948
0.127393
0.121049
0.141389
0.184474
0.130449
0.148741
0.119596
0.131314
0.165048
0.175646
0.158235
0.152784
0.152454
0.129715
0.168829
0.13875
0.129604
0.13994
0.167305
0.134719
0.122369
0.142661
0.141662
0.154583
0.121634
0.148209
0.118752
0.126664
0.125489
0.115898
0.121652
0.121846
0.126848
0.121459
0.13862
0.142599
0.133082
0.136942
0.157454
0.151345
0.136878
0.137883
0.113085
0.134021
0.15962
0.127654
0.116632
0.11452
0.143852
0.15713
0.135658
0.14528
0.156381
0.15002
0.122033
0.146621
0.150757
0.129055
0.129349
0.125083
0.100983
0.151885
0.12849
0.173691
0.130972
0.18432
0.268119
0.151459
0.155288
0.139032
0.124176
0.159746
0.143881
0.169178
0.157831
0.171133
0.128957
0.124315
0.138588
0.181168
0.161666
0.150544
0.168507
0.162241
0.187502
0.147338
0.12522
0.130811
0.129764
0.184765
0.164822
0.13407
0.138607
0.12558
0.121834
0.125018
0.126045
0.125859
0.151477
0.149069
0.146098
0.136085
0.129277
0.201711
0.152647
0.154328
0.134895
0.154991
0.12331
0.136843
0.126866
0.103258
0.14006
0.17245
0.144491
0.157719
0.166016
0.139971
0.11147
0.121014
0.129709
0.134653
0.151925
0.151279
0.142219
0.154279
0.126278
0.13366
0.129015
0.133331
0.141738
0.144153
0.158195
0.133655
0.178901
0.118602
0.138179
0.178151
0.141806
0.131826
0.132376
0.123004
0.120155
0.123585
0.11227
0.12178
0.119446
0.136024
0.143313
0.167813
0.153316
0.153949
0.163206
0.177205
0.162272
0.134765
0.126702
0.131331
0.126782
0.170903
0.143892
0.134002
0.136767
0.161373
0.128815
0.14727
0.140714
0.136403
0.157834
0.134583
0.118139
0.142224
0.138133
0.132606
0.126504
0.124335
0.112212
0.166316
0.144139
0.147062
0.134121
0.119776
0.15294
0.189758
0.119862
0.158567
0.15484
0.140305
0.139061
0.15445
0.164811
0.138592
0.124188
0.18927
0.15493
0.150396
0.1204
0.109854
0.146593
0.130635
0.148925
0.138826
0.190173
0.143742
0.135071
0.117432
0.123099
0.128456
0.127179
0.1215
0.132826
0.129203
0.147717
0.125764
0.162728
0.155771
0.193009
0.166022
0.132623
0.130103
0.14093
0.152831
0.142907
0.12674
0.141001
0.179484
0.160435
0.136929
0.168134
0.141391
0.166308
0.160838
0.144137
0.132144
0.130981
0.122853
0.137064
0.141703
0.129615
0.109324
0.140204
0.157121
0.155989
0.140715
0.144963
0.153367
0.135269
0.125904
0.155487
0.11835
0.137724
0.157109
0.15652
0.13336
0.134643
0.15881
0.13938
0.143686
0.117384
0.151473
0.154026
0.121786
0.122546
0.150649
0.151722
0.136729
0.120646
0.110616
0.140886
0.152016
0.166167
0.112582
0.139456
0.142744
0.131157
0.117262
0.12917
0.136427
0.132827
0.153676
0.123122
0.155129
0.121153
0.150685
0.169076
0.147148
0.129022
0.157682
0.162892
0.11016
0.153296
0.176252
0.153952
0.135094
0.129169
0.144238
0.154154
0.142004
0.135855
0.135504
0.122707
0.140429
0.163905
0.137375
0.123
0.163331
0.140671
0.158515
0.154426
0.128727
0.131455
0.154458
0.145346
0.130158
0.161181
0.153208
0.131059
0.112707
0.139835
0.152082
0.131273
0.142475
0.121222
0.135404
0.124117
0.141904
0.169669
0.12597
0.11157
0.136481
0.134145
0.147353
0.153582
0.116311
0.130623
0.170278
0.164699
0.142418
0.12635
0.125649
0.146613
0.167923
0.153449
0.132924
0.155723
0.188744
0.157788
0.153072
0.133333
0.144088
0.119799
0.162284
0.112912
0.122897
0.168613
0.165785
0.11927
0.188556
0.181894
0.122219
0.144981
0.131819
